version 2
run PastryDHT-7-20211203-23:25:42-6496
attr Lifetime 800s
attr configname PastryDHT
attr datetime 20211203-23:25:42
attr experiment PastryDHT
attr inifile configs.ini
attr iterationvars $Lifetime=800s
attr iterationvars2 "$Lifetime=800s, $repetition=0"
attr measurement $Lifetime=800s
attr network oversim.underlay.simpleunderlay.SimpleUnderlayNetwork
attr processid 6496
attr repetition 0
attr replication #0
attr resultdir results
attr runnumber 7
attr seedset 7

vector 43  SimpleUnderlayNetwork.globalObserver.globalStatistics  "GlobalNodeList: Number of nodes"  ETV
vector 44  SimpleUnderlayNetwork.globalObserver.globalStatistics  "GlobalDhtTestMap: Number of stored DHT entries"  ETV
vector 45  SimpleUnderlayNetwork.globalObserver.globalStatistics  "LifetimeChurn: Session Time"  ETV
vector 46  SimpleUnderlayNetwork.globalObserver.globalStatistics  "LifetimeChurn: Time between creates"  ETV
vector 47  SimpleUnderlayNetwork.globalObserver.globalStatistics  "LifetimeChurn: Time between deletes"  ETV
43	2693842	150	495
43	3339899	200	489
43	3965340	250	501
43	4701030	300	509
43	5305946	350	499
43	5997821	400	490
43	6709455	450	485
43	7355026	500	478
43	8084813	550	492
43	8702549	600	489
43	9438945	650	482
43	10098165	700	482
43	10847277	750	486
43	11600313	800	484
43	12266216	850	483
43	13049111	900	492
43	13726020	950	495
43	14495013	1000	489
43	15305719	1050	490
43	15972789	1100	482
44	2693843	150	746
44	2862604	160	819
44	2973603	170	893
44	3072243	180	950
44	3214088	190	1023
44	3339900	200	1125
44	3469815	210	1202
44	3589850	220	1291
44	3714089	230	1357
44	3808322	240	1417
44	3965341	250	1500
44	4085190	260	1586
44	4233085	270	1666
44	4383962	280	1750
44	4542020	290	1830
44	4701031	300	1906
44	4870165	310	1977
44	4992238	320	2060
44	5102982	330	2147
44	5193192	340	2228
44	5305947	350	2301
44	5386097	360	2367
44	5541689	370	2366
44	5685010	380	2354
44	5840861	390	2330
44	5997822	400	2325
44	6147822	410	2335
44	6305282	420	2343
44	6451183	430	2366
44	6621252	440	2348
44	6709456	450	2339
44	6833025	460	2342
44	6964170	470	2345
44	7060641	480	2358
44	7190731	490	2355
44	7355027	500	2339
44	7546753	510	2337
44	7659331	520	2327
44	7795757	530	2336
44	7931295	540	2342
44	8084814	550	2340
44	8202067	560	2331
44	8289431	570	2331
44	8400070	580	2331
44	8567554	590	2322
44	8702550	600	2322
44	8802427	610	2322
44	8945198	620	2323
44	9125695	630	2306
44	9257617	640	2304
44	9438946	650	2305
44	9535183	660	2304
44	9680285	670	2298
44	9831444	680	2293
44	9929974	690	2308
44	10098166	700	2308
44	10230579	710	2294
44	10378777	720	2296
44	10512287	730	2283
44	10672614	740	2287
44	10847278	750	2286
44	11026889	760	2289
44	11122311	770	2271
44	11256412	780	2281
44	11427261	790	2285
44	11600314	800	2286
44	11738140	810	2289
44	11881313	820	2286
44	12000378	830	2272
44	12131483	840	2285
44	12266217	850	2278
44	12462734	860	2293
44	12639519	870	2288
44	12799826	880	2273
44	12953060	890	2272
44	13049112	900	2274
44	13236680	910	2287
44	13360359	920	2282
44	13522531	930	2301
44	13642237	940	2296
44	13726021	950	2283
44	13943424	960	2282
44	14096416	970	2291
44	14243156	980	2300
44	14382112	990	2300
44	14495014	1000	2282
44	14668201	1010	2303
44	14860728	1020	2300
44	15018275	1030	2299
44	15153990	1040	2295
44	15305720	1050	2293
44	15440966	1060	2300
44	15576782	1070	2307
44	15702860	1080	2308
44	15834929	1090	2292
44	15972790	1100	2299
44	16085925	1110	2309
44	16201296	1120	2300
44	16358005	1130	2311
44	16527525	1140	2275
45	2709147	151.135260789	716.084721837
45	2720741	151.847610553	677.96886828
45	2725187	152.265552206	2927.10439539
45	2757420	154.138052128	23.873659528
45	2804030	156.505009246	615.741530409
45	2806581	156.682518225	481.659353459
45	2865873	160.278312472	1881.396563594
45	2869938	160.543595574	1064.886393759
45	2873049	160.91236071	134.268740991
45	2905497	163.161441746	1099.009107489
45	2966456	169.060316743	792.56906956
45	3010488	173.405304266	358.741803987
45	3026572	175.68549595	96.08025718
45	3032947	176.668394966	1605.74900734
45	3051200	178.130295575	46.073558037
45	3052318	178.291561695	61.66699156
45	3058148	178.53335304	2186.843290141
45	3070401	179.813005881	468.449013357
45	3081048	180.987224486	2915.997247888
45	3102502	182.662436666	1137.243688882
45	3121993	183.721598858	887.895486717
45	3174835	186.846726399	1781.123645359
45	3190819	188.083305426	783.119665749
45	3210276	189.52840454	1878.423079469
45	3224025	191.225691268	578.04194318
45	3225943	191.509888615	2673.787715818
45	3251884	194.236531616	181.116519486
45	3256323	194.776898014	185.063023159
45	3256361	194.782252964	528.202239986
45	3333008	199.473377168	152.168469637
45	3348131	200.693618388	1458.944817993
45	3368517	201.775233528	2205.810390206
45	3372123	202.03176884	1226.925017265
45	3372850	202.159492873	691.721326749
45	3380495	202.979507309	209.406557175
45	3448811	207.557167272	1510.237686304
45	3454860	208.688840825	1360.736013362
45	3455589	208.83979001	270.422686294
45	3485460	211.272505544	358.005894174
45	3503482	213.551472194	1145.317100911
45	3518798	215.165356912	1227.705096201
45	3521208	215.348864633	644.947867978
45	3529420	215.938678339	149.388943752
45	3539470	216.987794674	219.418961114
45	3559954	217.808364187	664.386307174
45	3569413	218.954921377	61.092973297
45	3572511	219.097994276	1000.212190375
45	3589823	219.991843587	249.383013074
45	3596020	220.72372362	334.622666348
45	3608421	221.805313356	415.844489255
45	3612018	222.378602444	527.34116068
45	3664475	225.326235278	1146.414499174
45	3671388	226.166789886	155.132046428
45	3680152	227.143051124	1754.647243098
45	3710168	229.66501657	370.623893165
45	3744511	232.538532686	1826.907547543
45	3749716	232.965350427	14.783342839
45	3751161	233.20809978	517.262806905
45	3771824	234.825522367	2547.385404302
45	3798851	238.777215367	3130.754016469
45	3801914	239.156728056	1673.175468561
45	3805690	239.72800745	1363.739240701
45	3816639	240.595775631	371.257807379
45	3857938	242.95386383	191.283556677
45	3890553	245.086079941	395.024577085
45	3925881	248.002425253	381.876059401
45	3927486	248.105811588	681.024849269
45	3931000	248.199553365	1446.015811381
45	3949063	249.276523715	247.284607518
45	3978477	250.814388625	194.463387431
45	3995660	252.483995747	2404.483083598
45	4060850	257.050609376	140.98936564
45	4082116	259.539385922	1338.424236969
45	4087473	260.206225575	919.553392473
45	4090416	260.440079234	55.959696273
45	4160211	265.054985985	1731.235932248
45	4168841	265.861777611	4.526346216
45	4174451	266.627810735	1149.856554808
45	4182531	267.095258993	662.805123974
45	4185863	267.275634012	148.327026653
45	4247071	271.169789028	921.815773124
45	4248475	271.238535972	2990.920472078
45	4249225	271.287673777	1168.474428134
45	4260402	272.610475684	2089.606114041
45	4287140	274.08137442	698.277123862
45	4289852	274.350384597	145.628466126
45	4302533	275.373942024	1982.259339489
45	4382709	279.845129186	284.002020088
45	4408314	282.495022454	1114.048418454
45	4414167	283.016871211	202.509886524
45	4415914	283.119045235	439.336999231
45	4416612	283.19385643	78.811484849
45	4419603	283.40513283	1292.104136262
45	4450156	284.919231909	93.162320006
45	4516861	287.757619922	1245.358711991
45	4525632	288.684203631	126.737300868
45	4540886	289.892922314	338.822058564
45	4566397	291.142580395	159.332617867
45	4567989	291.270072934	921.998414837
45	4568261	291.314649395	1969.436238628
45	4580389	291.949041825	721.485788835
45	4634043	294.665833806	65.199973421
45	4649863	295.855573086	1187.551994675
45	4653172	296.218162258	142.792759774
45	4681206	298.274851638	423.502811598
45	4695839	299.761383439	584.130403051
45	4721847	300.830456224	367.78962296
45	4730813	301.76329106	300.33994272
45	4756496	303.308139471	297.424558794
45	4765317	304.178622651	2487.720347203
45	4765515	304.194124793	1341.996039057
45	4766118	304.248520821	77.721486754
45	4776361	305.073742021	481.187819267
45	4776478	305.095760379	300.724674583
45	4799483	306.128217193	165.966064894
45	4856179	308.72166496	216.854986212
45	4876865	310.641442244	140.790580255
45	4916113	313.547644295	236.726735784
45	4973606	317.992072948	814.508882601
45	4993141	320.212728262	2660.113434519
45	5021727	323.200275341	34.013250056
45	5022282	323.285865547	524.56595089
45	5074660	327.771217007	2485.842076084
45	5112923	330.979377853	1316.281409218
45	5134562	333.244148908	305.888913593
45	5188155	339.676663416	503.531771614
45	5211642	341.935359098	109.04994889
45	5224345	343.628506617	657.453896528
45	5225408	343.763650702	2309.101065685
45	5285698	347.641987705	389.339483631
45	5316173	351.530556731	247.226018166
45	5408417	362.141772848	316.308220712
45	5409197	362.179685146	1041.583671397
45	5409870	362.237004262	268.808391957
45	5424182	363.410510199	204.877413358
45	5436452	364.359769794	1617.831465781
45	5448752	365.282101106	155.983778848
45	5480377	366.937683336	740.756252683
45	5492099	367.557338687	854.902915927
45	5502547	368.422053493	382.14942776
45	5604810	374.87557473	996.743917922
45	5636853	377.291675569	3589.060028624
45	5637115	377.316922867	344.121254836
45	5658010	378.221602974	507.963704807
45	5661653	378.619755315	316.218463317
45	5671852	379.206710775	831.05505569
45	5736030	382.569335496	144.961137184
45	5750669	383.517902095	1264.033618806
45	5775034	385.317856164	807.439228422
45	5841164	390.016760275	967.152897338
45	5841256	390.020941387	536.352684952
45	5845072	390.276369364	1571.514848923
45	5916627	394.705858134	1254.723775092
45	5923666	395.200577415	25.113022441
45	5937264	396.299410115	787.671591347
45	5989439	399.474097685	256.387493048
45	5996429	399.870399609	215.840932914
45	6067438	403.552448308	425.907748805
45	6085063	404.814678404	1010.587084229
45	6109436	406.604656004	194.645609136
45	6113241	406.894446706	7.566626132
45	6128752	408.215097594	166.647958486
45	6131362	408.463873379	1453.951850474
45	6187987	412.17411459	452.380802351
45	6245209	415.317481214	596.187698709
45	6249879	415.702701784	284.349357088
45	6255294	416.277439892	301.454964362
45	6317572	420.740124123	148.755328238
45	6342569	422.102279126	58.413845575
45	6355623	422.927781127	33.204290831
45	6360366	423.244152828	285.422075993
45	6414104	427.196334846	3914.450126119
45	6431714	428.857924152	621.484353243
45	6491692	432.564654409	279.287955425
45	6493405	432.749746657	587.069560097
45	6506908	433.643928545	321.384768747
45	6514023	434.116252071	1703.498166958
45	6549463	435.621656008	279.224604838
45	6578337	437.151110755	977.621572174
45	6642454	442.406203882	795.716008178
45	6674044	446.867240913	851.146515011
45	6697376	449.105793853	1853.175480554
45	6705583	449.721308171	121.598664349
45	6707059	449.891861882	284.638748395
45	6771802	454.906403051	313.754263454
45	6775258	455.183179502	193.680462211
45	6778872	455.574017583	1195.041483974
45	6799285	457.192822173	253.518699749
45	6810207	457.925930213	2770.496773749
45	6824885	459.112511104	1917.802056697
45	6887711	463.540116295	748.727040596
45	6960861	469.637717241	664.100534298
45	7015757	476.410798568	1044.39437544
45	7016780	476.447947978	101.788917859
45	7049153	478.758837822	239.950317084
45	7063522	480.187656509	528.834825339
45	7093908	482.820849386	1134.220670791
45	7118024	484.904925981	1216.499198857
45	7135276	486.694504071	247.287987726
45	7152059	488.1856135	131.996766888
45	7156603	488.407085895	70.701547808
45	7171048	488.999788626	849.716660282
45	7220212	491.365791568	10.01709167
45	7306749	496.480312625	514.320275906
45	7314611	497.076284002	637.146857781
45	7326856	498.195003098	955.660495157
45	7338980	498.822902899	461.959088385
45	7357555	500.206606736	118.705445868
45	7392886	502.261559124	2315.69816933
45	7430253	504.789919975	947.853157119
45	7430329	504.794118966	400.509763849
45	7434854	505.08979175	163.421902345
45	7437469	505.300985082	770.256738038
45	7443608	506.1222982	752.02965139
45	7444393	506.247439857	697.247131319
45	7446899	506.453098029	491.251327162
45	7452867	506.59815578	727.0241968
45	7503557	508.48254367	1311.191714255
45	7645775	518.605347864	249.759714315
45	7653373	519.256154713	437.938573583
45	7676756	521.444393705	144.629936857
45	7705333	523.799438878	938.166907779
45	7717090	524.648617091	48.013905074
45	7719317	524.79261382	448.333447807
45	7725692	525.540674384	238.675885917
45	7732298	526.070945193	172.542612052
45	7767601	527.954915707	4437.817741732
45	7819665	532.194787858	663.316513364
45	7823773	532.415494542	69.761637645
45	7827773	532.814670647	19.019120475
45	7848099	534.125924309	505.093257829
45	7866811	535.527976721	1247.187528953
45	7894392	537.289657536	1336.179542839
45	7896825	537.550902243	453.011801269
45	7898101	537.689447552	36.296485271
45	7950280	541.638193128	753.835857914
45	7951573	541.720640206	560.11058792
45	7964834	543.056378836	70.30726139
45	7966973	543.330589522	843.564935142
45	7972881	543.728444314	681.508173285
45	7990742	545.242381371	771.987066717
45	8004588	545.576488055	314.48362495
45	8041266	547.608702075	398.066364983
45	8095909	550.634827388	273.662195282
45	8205449	560.530805122	283.718093015
45	8212695	561.746951014	32.57805825
45	8254388	566.698547334	397.984249007
45	8263752	567.864303212	439.69087055
45	8280252	569.127799144	811.748406899
45	8280380	569.152907091	2416.812936712
45	8288965	569.969880157	103.004798848
45	8297129	570.655061851	1582.382864047
45	8300065	571.141656127	56.329661099
45	8309391	572.141128281	791.353303009
45	8318938	573.501915258	192.625315193
45	8347121	575.837977869	648.125427949
45	8374662	578.40453236	357.500885678
45	8384950	578.966042137	130.839367037
45	8434371	582.082024035	1201.840403243
45	8434897	582.153636992	1283.14237228
45	8443155	582.543510503	28.723541636
45	8446707	582.789082816	653.631887996
45	8476383	584.880328399	312.951934573
45	8582456	591.0582224	1604.924177393
45	8586017	591.479518815	1318.335538596
45	8595334	592.202592213	1633.994851513
45	8718969	602.073889426	1151.6139089
45	8727427	603.19016147	315.761735516
45	8727979	603.222070548	953.285007109
45	8747726	604.770783935	207.088469662
45	8760975	606.095729676	526.213699433
45	8782975	608.086040306	185.797110716
45	8807839	610.871138518	439.062998742
45	8807975	610.896958269	1559.342069561
45	8879868	615.237297384	1616.856921734
45	8883801	615.623478743	38.198503191
45	8896582	616.493794761	1047.77415012
45	8897791	616.667596484	274.104820799
45	8932953	618.958408851	349.998347726
45	8935131	619.174317323	911.826800922
45	8969043	620.92421065	950.96519751
45	8988647	622.17747373	334.999482121
45	8990065	622.305990964	1201.49193074
45	8999333	622.736869133	1227.057073743
45	9024670	624.42669078	389.548443474
45	9032152	624.990575949	1280.617904716
45	9039665	625.604726079	432.170201173
45	9056210	626.715395634	3204.146980236
45	9077378	627.35688946	122.006993036
45	9103612	628.80008177	805.184511507
45	9114203	629.370731982	818.52085802
45	9177181	634.035680755	147.923784097
45	9201645	636.173916393	211.546567131
45	9215679	637.256979943	776.346547521
45	9219263	637.650321272	1113.018163751
45	9229877	638.458864405	1593.309530969
45	9238369	639.29869642	444.724037425
45	9288909	641.427251843	124.374477476
45	9293471	641.505540158	1275.447761027
45	9323634	642.883285465	476.563489279
45	9376855	645.487968683	707.315239138
45	9467704	653.258161714	786.713285542
45	9484441	655.08707997	103.420060743
45	9521946	658.383307861	112.431585544
45	9551199	661.045428623	36.601311777
45	9569107	662.560121363	177.007321107
45	9571289	662.711581448	221.1492034
45	9595182	665.607481111	590.703431978
45	9618574	666.938700085	275.483595911
45	9633000	668.246771855	1060.787198454
45	9637313	668.611423754	294.550218361
45	9675990	669.584183899	1535.714337499
45	9704297	671.230327192	85.822157754
45	9717769	672.348564426	4828.087810984
45	9726292	672.94047424	132.598436627
45	9739989	673.638042142	331.375057472
45	9742556	673.765991662	1391.569242782
45	9767199	675.366372854	654.31643189
45	9818398	678.687054206	202.963277903
45	9845080	681.850195066	2293.682550001
45	9851172	682.146706779	1479.250930653
45	9906374	687.536312456	219.833294016
45	9924513	689.316411356	2023.042750854
45	9927942	689.767436925	400.952738935
45	9934279	690.400608847	113.068979238
45	10002346	693.602686464	669.403990882
45	10007665	693.941518186	897.652407012
45	10064935	697.391683494	1589.503714402
45	10077300	698.225148579	674.099575562
45	10105530	700.242426279	134.21353255
45	10115875	701.376285979	1934.162151225
45	10119496	701.685959922	391.72430815
45	10127465	702.095534137	718.357381538
45	10201100	707.42902829	388.370888155
45	10206513	708.14830167	4973.69820334
45	10210072	708.586202522	377.295539571
45	10222744	709.619715046	2803.593438108
45	10229802	709.949370585	194.06485929
45	10311274	714.273363334	43.645520714
45	10312139	714.392180434	1048.93124563
45	10343796	716.825995264	128.343186441
45	10376841	719.787276981	190.189036562
45	10401034	722.023715858	19.044427313
45	10405069	722.251099238	1319.32353477
45	10449102	725.991162855	732.973968527
45	10450845	726.131277965	594.791590352
45	10464554	727.339414989	147.927559892
45	10465069	727.43491795	1761.736975318
45	10474189	727.937081471	285.123064678
45	10484392	728.652009172	404.181517839
45	10504795	729.580490974	46.857152681
45	10530160	731.108155787	53.659707783
45	10545489	731.579308976	139.67550666
45	10561739	732.771982751	3300.457032689
45	10599197	734.749517835	325.907921271
45	10619799	735.95689861	370.692877623
45	10646805	737.918252908	1726.136278585
45	10655694	738.639165228	486.359056834
45	10665841	739.566263313	442.640143142
45	10722692	743.04372874	513.716138585
45	10730193	743.304233713	1330.625857381
45	10740881	744.133586622	1644.13247943
45	10741735	744.296039703	572.176559596
45	10805246	747.238411689	912.58615433
45	10805574	747.253031865	65.275483475
45	10812898	747.787298479	1234.611044729
45	10838945	749.501567239	704.301101618
45	10851196	750.29043709	28.677844896
45	10855300	750.697178482	356.712127595
45	10875861	751.884484188	1757.943984907
45	10947233	754.672968345	258.029748791
45	10983126	757.241700365	84.882394666
45	10984874	757.428938813	19.852858159
45	11084727	765.628097273	3210.418046626
45	11109405	768.276721355	920.849957272
45	11123250	770.228331636	458.583969633
45	11130605	771.179964444	1775.278243267
45	11154741	773.825717107	1309.413101781
45	11155293	773.860634257	2132.128689945
45	11173148	775.169587043	111.105933484
45	11193807	776.371580216	500.039594454
45	11199447	776.747014394	20.747199998
45	11213950	777.298274059	72.118888482
45	11270112	781.113699835	682.149026086
45	11274674	781.643041171	297.227252625
45	11275703	781.688930848	757.466551911
45	11282713	782.545228239	35.192758748
45	11354720	785.861676535	282.268452916
45	11362239	786.424520667	3235.887671354
45	11366340	786.683883603	176.460993951
45	11370477	786.998611109	124.749637541
45	11414331	789.509479663	842.370066069
45	11453910	791.345749648	187.764845933
45	11472865	793.275685146	199.659105933
45	11486585	794.029320744	819.293359657
45	11496822	794.527327819	46.047847602
45	11506232	795.383770705	844.810911808
45	11507327	795.450077845	1551.085015876
45	11586484	799.023685702	244.609232153
45	11617614	801.289273025	168.170834367
45	11635308	802.497074125	345.367044857
45	11680410	805.368429743	2995.514381392
45	11690283	806.540559048	481.588100418
45	11699715	807.123107051	51.285099844
45	11758023	811.63140784	535.365260207
45	11760826	811.817803295	1583.62708749
45	11774655	813.198233258	1497.295019889
45	11802621	814.734425452	971.152439832
45	11806366	815.085355769	24.429281579
45	11858433	818.437942393	598.548384327
45	11870713	819.23034655	377.384370981
45	11881972	820.051145874	1104.684793318
45	11920053	822.879291123	205.288448547
45	11942352	825.506286181	497.807354172
45	11947698	826.11041129	432.801696089
45	11949363	826.310994758	405.82571896
45	11981109	828.343145857	307.776474888
45	11985182	828.538533775	32.93195832
45	11989409	828.961248386	308.87808556
45	12026914	831.137328367	744.110670803
45	12048268	832.810226768	317.157092356
45	12055762	833.492229803	139.40471229
45	12057802	833.623666574	529.712504695
45	12062649	834.297905136	250.491153361
45	12130524	839.811919912	4244.983867382
45	12148384	841.530220983	59.114013011
45	12156657	842.699683299	44.953552344
45	12196574	845.149008331	1018.393626656
45	12200690	845.46374791	424.946709876
45	12234393	847.991105943	677.434490349
45	12235343	848.099031891	696.565420392
45	12259652	849.698426611	1597.987732001
45	12267058	850.068686549	1043.037259942
45	12277502	851.12200358	333.927625451
45	12291672	852.236334726	58.685933465
45	12292160	852.25800932	2228.061991712
45	12299681	852.738181755	181.929724964
45	12324011	853.500252779	386.414093019
45	12343525	854.638612673	483.570670169
45	12351326	855.098903215	115.028393614
45	12363043	855.747952265	405.066555246
45	12435133	858.709239914	362.776091542
45	12459983	859.859317266	52.589073916
45	12492365	861.694580446	76.584989858
45	12498891	862.147667932	438.021237549
45	12499700	862.217963321	806.088563611
45	12519376	863.379612008	968.594950649
45	12535517	864.287605699	866.660078067
45	12606460	867.831237574	152.353226681
45	12614328	868.29229333	720.711964917
45	12621750	868.845417634	12.549639645
45	12624501	869.05857844	860.107867969
45	12667267	871.563090521	413.642469225
45	12718188	875.434360891	922.775044626
45	12719964	875.613712066	1038.938513879
45	12729435	876.633544853	1980.712223771
45	12729677	876.658636269	31.506906098
45	12737387	877.023920777	807.21721734
45	12746583	877.643724762	1765.402868677
45	12777341	878.974991571	1787.76926007
45	12792923	879.781224164	729.981263421
45	12806048	880.326269539	314.540612826
45	12874532	883.553592357	6.8043588
45	12943788	888.837724589	346.994781311
45	12945631	889.04383639	1164.916047906
45	12963467	891.437582986	892.424043899
45	13016250	896.892977917	1420.377048996
45	13029415	898.657550749	673.364663293
45	13029824	898.685299403	500.730141478
45	13066369	900.892895422	1206.2726109
45	13075835	902.191901866	635.020428632
45	13079980	902.495116042	19.824859091
45	13082461	902.777611484	1540.781518868
45	13083024	902.882367363	302.325276085
45	13083873	903.017471705	516.118553393
45	13089812	903.668821025	36.600945987
45	13095901	904.107066322	2070.312370786
45	13118279	904.738775812	391.453889007
45	13133515	905.331381428	5050.538660969
45	13228628	909.089656233	326.296133967
45	13239075	910.138921627	2080.493934994
45	13240393	910.279724322	863.877472765
45	13253491	911.270000825	164.762380789
45	13302524	915.673976409	108.093693252
45	13307810	916.293095635	48.375401715
45	13314816	916.987546708	258.901672429
45	13319513	917.402492373	496.327796547
45	13383947	921.932054677	22.427482559
45	13385814	922.102161764	259.654547373
45	13424235	924.792040208	574.260588981
45	13424347	924.825692434	144.160877773
45	13439774	925.809538425	110.265238826
45	13465420	927.181132047	2988.47020822
45	13511722	929.55353679	840.241805149
45	13549344	931.665429491	2229.004468763
45	13578576	934.279232854	194.517810553
45	13592129	935.746381245	815.688912848
45	13638338	939.629224353	107.718995819
45	13670808	943.653501361	277.383602367
45	13680909	945.035635866	430.509144442
45	13703083	947.546100313	458.196397961
45	13715274	948.944144885	175.695285757
45	13717731	949.143801097	88.215596484
45	13723094	949.729004203	371.11211723
45	13727132	950.112206281	446.110711095
45	13742000	951.042563178	729.47357558
45	13746311	951.298749884	621.228053937
45	13778444	952.361167487	262.872710004
45	13785395	952.879127733	648.658934304
45	13825337	954.41853923	696.350242258
45	13838085	955.149716476	207.731081428
45	13888641	957.063886491	61.040122649
45	13901526	957.725784913	817.213442962
45	13937477	959.613987217	3.342533041
45	13960252	961.039583097	2614.46775768
45	13961010	961.084778436	504.639601595
45	14086645	968.865425814	537.770840616
45	14098943	970.264322816	181.099435198
45	14120784	972.254041776	303.383146649
45	14132670	973.337345341	287.164218088
45	14135164	973.720153906	1051.245297362
45	14172722	975.70060969	96.713659565
45	14208602	977.709774146	798.369721117
45	14241789	979.922921643	558.302941532
45	14278139	983.18488224	8.55048305
45	14323290	986.154457655	455.055897226
45	14345489	987.286186012	1069.394549155
45	14412205	992.835063354	3340.954308054
45	14455054	997.239335821	903.983777707
45	14455931	997.283046724	196.875350053
45	14458269	997.418708894	1922.751527888
45	14475271	998.819308642	549.430096718
45	14475803	998.893560213	1099.129127121
45	14560771	1003.799502117	665.92643349
45	14569686	1004.408309471	779.718870135
45	14569775	1004.4154957	317.541303148
45	14580241	1005.322585552	339.912776979
45	14614135	1007.168970155	190.244441745
45	14620553	1007.696446765	1183.560080049
45	14635179	1008.658508977	901.109544204
45	14649089	1009.125834303	1263.745119082
45	14657700	1009.311969732	685.209118403
45	14720718	1012.210666686	255.009212061
45	14734075	1013.136443759	256.824484556
45	14740448	1013.481300943	1185.384698649
45	14742651	1013.620276133	587.986808516
45	14756745	1014.037185016	395.758080211
45	14813479	1017.087482314	668.580663902
45	14823812	1017.696487944	766.837136818
45	14875657	1021.331241419	97.372228249
45	14891717	1022.751733831	353.033043014
45	14909145	1023.89998365	685.060053885
45	14936281	1026.022718227	811.796493241
45	14950391	1026.712271159	1633.089966729
45	14953206	1026.814792548	143.987424807
45	14976280	1028.172444581	769.205068639
45	15069065	1034.658455428	121.711585094
45	15074907	1035.302583097	617.67232127
45	15084328	1036.28928608	99.486890054
45	15088132	1036.589532916	960.114198103
45	15088800	1036.665760169	45.149336776
45	15105509	1037.711509942	463.841678218
45	15105628	1037.717927054	2721.338129136
45	15149381	1039.806832175	381.579890652
45	15173284	1041.329053628	1009.718315785
45	15201228	1042.380438005	1112.322808526
45	15223458	1044.016459016	881.103207001
45	15237220	1045.277366439	801.94240912
45	15272686	1048.072460189	247.177673764
45	15278600	1048.610584834	273.985291955
45	15287386	1049.033932596	609.283786536
45	15350744	1053.008162463	1235.318259612
45	15384782	1055.554971659	393.050048856
45	15390691	1056.127804695	14.262950244
45	15457255	1061.091575141	241.850947737
45	15463495	1061.598281945	10.464672842
45	15465863	1061.803438037	1187.283121238
45	15466353	1061.845802267	23.097230498
45	15473473	1062.302918251	276.765916536
45	15514246	1064.714035776	968.099002
45	15572170	1069.530461166	8.312631135
45	15619304	1073.077053966	151.4196592
45	15628539	1073.837658378	1071.303107357
45	15686752	1078.663754355	488.686125241
45	15721768	1082.032552672	690.623984341
45	15722830	1082.144474318	410.184043964
45	15722983	1082.162229089	1050.05872498
45	15774719	1085.66004929	3371.565508707
45	15783995	1085.989524483	1601.409731071
45	15797261	1087.542228518	4804.578141223
45	15813221	1089.038589718	458.670734935
45	15828226	1089.730823152	1664.919773853
45	15918762	1095.965146781	61.60971552
45	15929685	1097.122676676	1006.847484596
45	15937509	1097.910536134	54.950403812
45	16016519	1103.383903358	253.194247024
45	16056340	1107.78878985	2302.404672585
45	16059820	1108.151931055	317.891722633
45	16122000	1113.308759473	1027.646418106
45	16130882	1114.328203093	81.100318463
45	16172879	1118.07425722	123.027751601
45	16184070	1118.626956191	293.661337267
45	16202430	1120.168578255	3395.269337411
45	16216264	1121.162998882	116.443662983
45	16217845	1121.415083002	149.40302424
45	16268205	1123.900359887	248.544755431
45	16278976	1124.893118869	109.509697115
45	16281796	1125.077183281	88.860735264
45	16287576	1125.490281908	264.172990363
45	16314368	1127.134084322	815.780627004
45	16319621	1127.619387543	234.081769511
45	16347738	1129.29942193	1839.524787612
45	16368309	1131.125275432	300.995766177
45	16371831	1131.566140336	740.183549527
45	16385663	1132.685281274	1445.387272939
45	16429986	1134.872075242	96.040771394
45	16453403	1135.941385668	45.830951695
45	16456185	1136.116676494	252.260717993
45	16457182	1136.185167336	1010.213166532
45	16529623	1140.261368263	24.85523935
45	16534877	1140.661283817	295.264522675
45	16539888	1141.024279021	2986.246642151
45	16566434	1142.463050236	100.803292033
45	16574876	1142.898187963	1887.40653591
45	16578941	1143.284381529	46.616929847
45	16587480	1144.09426654	42.115126355
45	16596399	1144.595187336	1839.259842269
45	16606205	1144.815107407	860.427569944
45	16613313	1144.97809434	973.630683193
45	16636238	1146.356390218	4.837286312
45	16670310	1147.934244726	2650.945172772
45	16673001	1148.119428052	446.366270123
45	16694950	1149.169639167	357.767000154
46	2709147	151.135260789	5.291683323
46	2720741	151.847610553	0.712349764
46	2725187	152.265552206	0.417941653
46	2757420	154.138052128	1.872499922
46	2804030	156.505009246	2.366957118
46	2806581	156.682518225	0.177508979
46	2865873	160.278312472	3.595794247
46	2869938	160.543595574	0.265283102
46	2873049	160.91236071	0.368765136
46	2905497	163.161441746	2.249081036
46	2966456	169.060316743	5.898874997
46	3010488	173.405304266	4.344987523
46	3026572	175.68549595	2.280191684
46	3032947	176.668394966	0.982899016
46	3051200	178.130295575	1.461900609
46	3052318	178.291561695	0.16126612
46	3058148	178.53335304	0.241791345
46	3070401	179.813005881	1.279652841
46	3081048	180.987224486	1.174218605
46	3102502	182.662436666	1.67521218
46	3121993	183.721598858	1.059162192
46	3174835	186.846726399	3.125127541
46	3190819	188.083305426	1.236579027
46	3210276	189.52840454	1.445099114
46	3224025	191.225691268	1.697286728
46	3225943	191.509888615	0.284197347
46	3251884	194.236531616	2.726643001
46	3256323	194.776898014	0.540366398
46	3256361	194.782252964	0.00535495
46	3333008	199.473377168	4.691124204
46	3348131	200.693618388	1.22024122
46	3368517	201.775233528	1.08161514
46	3372123	202.03176884	0.256535312
46	3372850	202.159492873	0.127724033
46	3380495	202.979507309	0.820014436
46	3448811	207.557167272	4.577659963
46	3454860	208.688840825	1.131673553
46	3455589	208.83979001	0.150949185
46	3485460	211.272505544	2.432715534
46	3503482	213.551472194	2.27896665
46	3518798	215.165356912	1.613884718
46	3521208	215.348864633	0.183507721
46	3529420	215.938678339	0.589813706
46	3539470	216.987794674	1.049116335
46	3559954	217.808364187	0.820569513
46	3569413	218.954921377	1.14655719
46	3572511	219.097994276	0.143072899
46	3589823	219.991843587	0.893849311
46	3596020	220.72372362	0.731880033
46	3608421	221.805313356	1.081589736
46	3612018	222.378602444	0.573289088
46	3664475	225.326235278	2.947632834
46	3671388	226.166789886	0.840554608
46	3680152	227.143051124	0.976261238
46	3710168	229.66501657	2.521965446
46	3744511	232.538532686	2.873516116
46	3749716	232.965350427	0.426817741
46	3751161	233.20809978	0.242749353
46	3771824	234.825522367	1.617422587
46	3798851	238.777215367	3.951693
46	3801914	239.156728056	0.379512689
46	3805690	239.72800745	0.571279394
46	3816639	240.595775631	0.867768181
46	3857938	242.95386383	2.358088199
46	3890553	245.086079941	2.132216111
46	3925881	248.002425253	2.916345312
46	3927486	248.105811588	0.103386335
46	3931000	248.199553365	0.093741777
46	3949063	249.276523715	1.07697035
46	3978477	250.814388625	1.53786491
46	3995660	252.483995747	1.669607122
46	4060850	257.050609376	4.566613629
46	4082116	259.539385922	2.488776546
46	4087473	260.206225575	0.666839653
46	4090416	260.440079234	0.233853659
46	4160211	265.054985985	4.614906751
46	4168841	265.861777611	0.806791626
46	4174451	266.627810735	0.766033124
46	4182531	267.095258993	0.467448258
46	4185863	267.275634012	0.180375019
46	4247071	271.169789028	3.894155016
46	4248475	271.238535972	0.068746944
46	4249225	271.287673777	0.049137805
46	4260402	272.610475684	1.322801907
46	4287140	274.08137442	1.470898736
46	4289852	274.350384597	0.269010177
46	4302533	275.373942024	1.023557427
46	4382709	279.845129186	4.471187162
46	4408314	282.495022454	2.649893268
46	4414167	283.016871211	0.521848757
46	4415914	283.119045235	0.102174024
46	4416612	283.19385643	0.074811195
46	4419603	283.40513283	0.2112764
46	4450156	284.919231909	1.514099079
46	4516861	287.757619922	2.838388013
46	4525632	288.684203631	0.926583709
46	4540886	289.892922314	1.208718683
46	4566397	291.142580395	1.249658081
46	4567989	291.270072934	0.127492539
46	4568261	291.314649395	0.044576461
46	4580389	291.949041825	0.63439243
46	4634043	294.665833806	2.716791981
46	4649863	295.855573086	1.18973928
46	4653172	296.218162258	0.362589172
46	4681206	298.274851638	2.05668938
46	4695839	299.761383439	1.486531801
46	4721847	300.830456224	1.069072785
46	4730813	301.76329106	0.932834836
46	4756496	303.308139471	1.544848411
46	4765317	304.178622651	0.87048318
46	4765515	304.194124793	0.015502142
46	4766118	304.248520821	0.054396028
46	4776361	305.073742021	0.8252212
46	4776478	305.095760379	0.022018358
46	4799483	306.128217193	1.032456814
46	4856179	308.72166496	2.593447767
46	4876865	310.641442244	1.919777284
46	4916113	313.547644295	2.906202051
46	4973606	317.992072948	4.444428653
46	4993141	320.212728262	2.220655314
46	5021727	323.200275341	2.987547079
46	5022282	323.285865547	0.085590206
46	5074660	327.771217007	4.48535146
46	5112923	330.979377853	3.208160846
46	5134562	333.244148908	2.264771055
46	5188155	339.676663416	6.432514508
46	5211642	341.935359098	2.258695682
46	5224345	343.628506617	1.693147519
46	5225408	343.763650702	0.135144085
46	5285698	347.641987705	3.878337003
46	5316173	351.530556731	3.888569026
46	5408417	362.141772848	10.611216117
46	5409197	362.179685146	0.037912298
46	5409870	362.237004262	0.057319116
46	5424182	363.410510199	1.173505937
46	5436452	364.359769794	0.949259595
46	5448752	365.282101106	0.922331312
46	5480377	366.937683336	1.65558223
46	5492099	367.557338687	0.619655351
46	5502547	368.422053493	0.864714806
46	5604810	374.87557473	6.453521237
46	5636853	377.291675569	2.416100839
46	5637115	377.316922867	0.025247298
46	5658010	378.221602974	0.904680107
46	5661653	378.619755315	0.398152341
46	5671852	379.206710775	0.58695546
46	5736030	382.569335496	3.362624721
46	5750669	383.517902095	0.948566599
46	5775034	385.317856164	1.799954069
46	5841164	390.016760275	4.698904111
46	5841256	390.020941387	0.004181112
46	5845072	390.276369364	0.255427977
46	5916627	394.705858134	4.42948877
46	5923666	395.200577415	0.494719281
46	5937264	396.299410115	1.0988327
46	5989439	399.474097685	3.17468757
46	5996429	399.870399609	0.396301924
46	6067438	403.552448308	3.682048699
46	6085063	404.814678404	1.262230096
46	6109436	406.604656004	1.7899776
46	6113241	406.894446706	0.289790702
46	6128752	408.215097594	1.320650888
46	6131362	408.463873379	0.248775785
46	6187987	412.17411459	3.710241211
46	6245209	415.317481214	3.143366624
46	6249879	415.702701784	0.38522057
46	6255294	416.277439892	0.574738108
46	6317572	420.740124123	4.462684231
46	6342569	422.102279126	1.362155003
46	6355623	422.927781127	0.825502001
46	6360366	423.244152828	0.316371701
46	6414104	427.196334846	3.952182018
46	6431714	428.857924152	1.661589306
46	6491692	432.564654409	3.706730257
46	6493405	432.749746657	0.185092248
46	6506908	433.643928545	0.894181888
46	6514023	434.116252071	0.472323526
46	6549463	435.621656008	1.505403937
46	6578337	437.151110755	1.529454747
46	6642454	442.406203882	5.255093127
46	6674044	446.867240913	4.461037031
46	6697376	449.105793853	2.23855294
46	6705583	449.721308171	0.615514318
46	6707059	449.891861882	0.170553711
46	6771802	454.906403051	5.014541169
46	6775258	455.183179502	0.276776451
46	6778872	455.574017583	0.390838081
46	6799285	457.192822173	1.61880459
46	6810207	457.925930213	0.73310804
46	6824885	459.112511104	1.186580891
46	6887711	463.540116295	4.427605191
46	6960861	469.637717241	6.097600946
46	7015757	476.410798568	6.773081327
46	7016780	476.447947978	0.03714941
46	7049153	478.758837822	2.310889844
46	7063522	480.187656509	1.428818687
46	7093908	482.820849386	2.633192877
46	7118024	484.904925981	2.084076595
46	7135276	486.694504071	1.78957809
46	7152059	488.1856135	1.491109429
46	7156603	488.407085895	0.221472395
46	7171048	488.999788626	0.592702731
46	7220212	491.365791568	2.366002942
46	7306749	496.480312625	5.114521057
46	7314611	497.076284002	0.595971377
46	7326856	498.195003098	1.118719096
46	7338980	498.822902899	0.627899801
46	7357555	500.206606736	1.383703837
46	7392886	502.261559124	2.054952388
46	7430253	504.789919975	2.528360851
46	7430329	504.794118966	0.004198991
46	7434854	505.08979175	0.295672784
46	7437469	505.300985082	0.211193332
46	7443608	506.1222982	0.821313118
46	7444393	506.247439857	0.125141657
46	7446899	506.453098029	0.205658172
46	7452867	506.59815578	0.145057751
46	7503557	508.48254367	1.88438789
46	7645775	518.605347864	10.122804194
46	7653373	519.256154713	0.650806849
46	7676756	521.444393705	2.188238992
46	7705333	523.799438878	2.355045173
46	7717090	524.648617091	0.849178213
46	7719317	524.79261382	0.143996729
46	7725692	525.540674384	0.748060564
46	7732298	526.070945193	0.530270809
46	7767601	527.954915707	1.883970514
46	7819665	532.194787858	4.239872151
46	7823773	532.415494542	0.220706684
46	7827773	532.814670647	0.399176105
46	7848099	534.125924309	1.311253662
46	7866811	535.527976721	1.402052412
46	7894392	537.289657536	1.761680815
46	7896825	537.550902243	0.261244707
46	7898101	537.689447552	0.138545309
46	7950280	541.638193128	3.948745576
46	7951573	541.720640206	0.082447078
46	7964834	543.056378836	1.33573863
46	7966973	543.330589522	0.274210686
46	7972881	543.728444314	0.397854792
46	7990742	545.242381371	1.513937057
46	8004588	545.576488055	0.334106684
46	8041266	547.608702075	2.03221402
46	8095909	550.634827388	3.026125313
46	8205449	560.530805122	9.895977734
46	8212695	561.746951014	1.216145892
46	8254388	566.698547334	4.95159632
46	8263752	567.864303212	1.165755878
46	8280252	569.127799144	1.263495932
46	8280380	569.152907091	0.025107947
46	8288965	569.969880157	0.816973066
46	8297129	570.655061851	0.685181694
46	8300065	571.141656127	0.486594276
46	8309391	572.141128281	0.999472154
46	8318938	573.501915258	1.360786977
46	8347121	575.837977869	2.336062611
46	8374662	578.40453236	2.566554491
46	8384950	578.966042137	0.561509777
46	8434371	582.082024035	3.115981898
46	8434897	582.153636992	0.071612957
46	8443155	582.543510503	0.389873511
46	8446707	582.789082816	0.245572313
46	8476383	584.880328399	2.091245583
46	8582456	591.0582224	6.177894001
46	8586017	591.479518815	0.421296415
46	8595334	592.202592213	0.723073398
46	8718969	602.073889426	9.871297213
46	8727427	603.19016147	1.116272044
46	8727979	603.222070548	0.031909078
46	8747726	604.770783935	1.548713387
46	8760975	606.095729676	1.324945741
46	8782975	608.086040306	1.99031063
46	8807839	610.871138518	2.785098212
46	8807975	610.896958269	0.025819751
46	8879868	615.237297384	4.340339115
46	8883801	615.623478743	0.386181359
46	8896582	616.493794761	0.870316018
46	8897791	616.667596484	0.173801723
46	8932953	618.958408851	2.290812367
46	8935131	619.174317323	0.215908472
46	8969043	620.92421065	1.749893327
46	8988647	622.17747373	1.25326308
46	8990065	622.305990964	0.128517234
46	8999333	622.736869133	0.430878169
46	9024670	624.42669078	1.689821647
46	9032152	624.990575949	0.563885169
46	9039665	625.604726079	0.61415013
46	9056210	626.715395634	1.110669555
46	9077378	627.35688946	0.641493826
46	9103612	628.80008177	1.44319231
46	9114203	629.370731982	0.570650212
46	9177181	634.035680755	4.664948773
46	9201645	636.173916393	2.138235638
46	9215679	637.256979943	1.08306355
46	9219263	637.650321272	0.393341329
46	9229877	638.458864405	0.808543133
46	9238369	639.29869642	0.839832015
46	9288909	641.427251843	2.128555423
46	9293471	641.505540158	0.078288315
46	9323634	642.883285465	1.377745307
46	9376855	645.487968683	2.604683218
46	9467704	653.258161714	7.770193031
46	9484441	655.08707997	1.828918256
46	9521946	658.383307861	3.296227891
46	9551199	661.045428623	2.662120762
46	9569107	662.560121363	1.51469274
46	9571289	662.711581448	0.151460085
46	9595182	665.607481111	2.895899663
46	9618574	666.938700085	1.331218974
46	9633000	668.246771855	1.30807177
46	9637313	668.611423754	0.364651899
46	9675990	669.584183899	0.972760145
46	9704297	671.230327192	1.646143293
46	9717769	672.348564426	1.118237234
46	9726292	672.94047424	0.591909814
46	9739989	673.638042142	0.697567902
46	9742556	673.765991662	0.12794952
46	9767199	675.366372854	1.600381192
46	9818398	678.687054206	3.320681352
46	9845080	681.850195066	3.16314086
46	9851172	682.146706779	0.296511713
46	9906374	687.536312456	5.389605677
46	9924513	689.316411356	1.7800989
46	9927942	689.767436925	0.451025569
46	9934279	690.400608847	0.633171922
46	10002346	693.602686464	3.202077617
46	10007665	693.941518186	0.338831722
46	10064935	697.391683494	3.450165308
46	10077300	698.225148579	0.833465085
46	10105530	700.242426279	2.0172777
46	10115875	701.376285979	1.1338597
46	10119496	701.685959922	0.309673943
46	10127465	702.095534137	0.409574215
46	10201100	707.42902829	5.333494153
46	10206513	708.14830167	0.71927338
46	10210072	708.586202522	0.437900852
46	10222744	709.619715046	1.033512524
46	10229802	709.949370585	0.329655539
46	10311274	714.273363334	4.323992749
46	10312139	714.392180434	0.1188171
46	10343796	716.825995264	2.43381483
46	10376841	719.787276981	2.961281717
46	10401034	722.023715858	2.236438877
46	10405069	722.251099238	0.22738338
46	10449102	725.991162855	3.740063617
46	10450845	726.131277965	0.14011511
46	10464554	727.339414989	1.208137024
46	10465069	727.43491795	0.095502961
46	10474189	727.937081471	0.502163521
46	10484392	728.652009172	0.714927701
46	10504795	729.580490974	0.928481802
46	10530160	731.108155787	1.527664813
46	10545489	731.579308976	0.471153189
46	10561739	732.771982751	1.192673775
46	10599197	734.749517835	1.977535084
46	10619799	735.95689861	1.207380775
46	10646805	737.918252908	1.961354298
46	10655694	738.639165228	0.72091232
46	10665841	739.566263313	0.927098085
46	10722692	743.04372874	3.477465427
46	10730193	743.304233713	0.260504973
46	10740881	744.133586622	0.829352909
46	10741735	744.296039703	0.162453081
46	10805246	747.238411689	2.942371986
46	10805574	747.253031865	0.014620176
46	10812898	747.787298479	0.534266614
46	10838945	749.501567239	1.71426876
46	10851196	750.29043709	0.788869851
46	10855300	750.697178482	0.406741392
46	10875861	751.884484188	1.187305706
46	10947233	754.672968345	2.788484157
46	10983126	757.241700365	2.56873202
46	10984874	757.428938813	0.187238448
46	11084727	765.628097273	8.19915846
46	11109405	768.276721355	2.648624082
46	11123250	770.228331636	1.951610281
46	11130605	771.179964444	0.951632808
46	11154741	773.825717107	2.645752663
46	11155293	773.860634257	0.03491715
46	11173148	775.169587043	1.308952786
46	11193807	776.371580216	1.201993173
46	11199447	776.747014394	0.375434178
46	11213950	777.298274059	0.551259665
46	11270112	781.113699835	3.815425776
46	11274674	781.643041171	0.529341336
46	11275703	781.688930848	0.045889677
46	11282713	782.545228239	0.856297391
46	11354720	785.861676535	3.316448296
46	11362239	786.424520667	0.562844132
46	11366340	786.683883603	0.259362936
46	11370477	786.998611109	0.314727506
46	11414331	789.509479663	2.510868554
46	11453910	791.345749648	1.836269985
46	11472865	793.275685146	1.929935498
46	11486585	794.029320744	0.753635598
46	11496822	794.527327819	0.498007075
46	11506232	795.383770705	0.856442886
46	11507327	795.450077845	0.06630714
46	11586484	799.023685702	3.573607857
46	11617614	801.289273025	2.265587323
46	11635308	802.497074125	1.2078011
46	11680410	805.368429743	2.871355618
46	11690283	806.540559048	1.172129305
46	11699715	807.123107051	0.582548003
46	11758023	811.63140784	4.508300789
46	11760826	811.817803295	0.186395455
46	11774655	813.198233258	1.380429963
46	11802621	814.734425452	1.536192194
46	11806366	815.085355769	0.350930317
46	11858433	818.437942393	3.352586624
46	11870713	819.23034655	0.792404157
46	11881972	820.051145874	0.820799324
46	11920053	822.879291123	2.828145249
46	11942352	825.506286181	2.626995058
46	11947698	826.11041129	0.604125109
46	11949363	826.310994758	0.200583468
46	11981109	828.343145857	2.032151099
46	11985182	828.538533775	0.195387918
46	11989409	828.961248386	0.422714611
46	12026914	831.137328367	2.176079981
46	12048268	832.810226768	1.672898401
46	12055762	833.492229803	0.682003035
46	12057802	833.623666574	0.131436771
46	12062649	834.297905136	0.674238562
46	12130524	839.811919912	5.514014776
46	12148384	841.530220983	1.718301071
46	12156657	842.699683299	1.169462316
46	12196574	845.149008331	2.449325032
46	12200690	845.46374791	0.314739579
46	12234393	847.991105943	2.527358033
46	12235343	848.099031891	0.107925948
46	12259652	849.698426611	1.59939472
46	12267058	850.068686549	0.370259938
46	12277502	851.12200358	1.053317031
46	12291672	852.236334726	1.114331146
46	12292160	852.25800932	0.021674594
46	12299681	852.738181755	0.480172435
46	12324011	853.500252779	0.762071024
46	12343525	854.638612673	1.138359894
46	12351326	855.098903215	0.460290542
46	12363043	855.747952265	0.64904905
46	12435133	858.709239914	2.961287649
46	12459983	859.859317266	1.150077352
46	12492365	861.694580446	1.83526318
46	12498891	862.147667932	0.453087486
46	12499700	862.217963321	0.070295389
46	12519376	863.379612008	1.161648687
46	12535517	864.287605699	0.907993691
46	12606460	867.831237574	3.543631875
46	12614328	868.29229333	0.461055756
46	12621750	868.845417634	0.553124304
46	12624501	869.05857844	0.213160806
46	12667267	871.563090521	2.504512081
46	12718188	875.434360891	3.87127037
46	12719964	875.613712066	0.179351175
46	12729435	876.633544853	1.019832787
46	12729677	876.658636269	0.025091416
46	12737387	877.023920777	0.365284508
46	12746583	877.643724762	0.619803985
46	12777341	878.974991571	1.331266809
46	12792923	879.781224164	0.806232593
46	12806048	880.326269539	0.545045375
46	12874532	883.553592357	3.227322818
46	12943788	888.837724589	5.284132232
46	12945631	889.04383639	0.206111801
46	12963467	891.437582986	2.393746596
46	13016250	896.892977917	5.455394931
46	13029415	898.657550749	1.764572832
46	13029824	898.685299403	0.027748654
46	13066369	900.892895422	2.207596019
46	13075835	902.191901866	1.299006444
46	13079980	902.495116042	0.303214176
46	13082461	902.777611484	0.282495442
46	13083024	902.882367363	0.104755879
46	13083873	903.017471705	0.135104342
46	13089812	903.668821025	0.65134932
46	13095901	904.107066322	0.438245297
46	13118279	904.738775812	0.63170949
46	13133515	905.331381428	0.592605616
46	13228628	909.089656233	3.758274805
46	13239075	910.138921627	1.049265394
46	13240393	910.279724322	0.140802695
46	13253491	911.270000825	0.990276503
46	13302524	915.673976409	4.403975584
46	13307810	916.293095635	0.619119226
46	13314816	916.987546708	0.694451073
46	13319513	917.402492373	0.414945665
46	13383947	921.932054677	4.529562304
46	13385814	922.102161764	0.170107087
46	13424235	924.792040208	2.689878444
46	13424347	924.825692434	0.033652226
46	13439774	925.809538425	0.983845991
46	13465420	927.181132047	1.371593622
46	13511722	929.55353679	2.372404743
46	13549344	931.665429491	2.111892701
46	13578576	934.279232854	2.613803363
46	13592129	935.746381245	1.467148391
46	13638338	939.629224353	3.882843108
46	13670808	943.653501361	4.024277008
46	13680909	945.035635866	1.382134505
46	13703083	947.546100313	2.510464447
46	13715274	948.944144885	1.398044572
46	13717731	949.143801097	0.199656212
46	13723094	949.729004203	0.585203106
46	13727132	950.112206281	0.383202078
46	13742000	951.042563178	0.930356897
46	13746311	951.298749884	0.256186706
46	13778444	952.361167487	1.062417603
46	13785395	952.879127733	0.517960246
46	13825337	954.41853923	1.539411497
46	13838085	955.149716476	0.731177246
46	13888641	957.063886491	1.914170015
46	13901526	957.725784913	0.661898422
46	13937477	959.613987217	1.888202304
46	13960252	961.039583097	1.42559588
46	13961010	961.084778436	0.045195339
46	14086645	968.865425814	7.780647378
46	14098943	970.264322816	1.398897002
46	14120784	972.254041776	1.98971896
46	14132670	973.337345341	1.083303565
46	14135164	973.720153906	0.382808565
46	14172722	975.70060969	1.980455784
46	14208602	977.709774146	2.009164456
46	14241789	979.922921643	2.213147497
46	14278139	983.18488224	3.261960597
46	14323290	986.154457655	2.969575415
46	14345489	987.286186012	1.131728357
46	14412205	992.835063354	5.548877342
46	14455054	997.239335821	4.404272467
46	14455931	997.283046724	0.043710903
46	14458269	997.418708894	0.13566217
46	14475271	998.819308642	1.400599748
46	14475803	998.893560213	0.074251571
46	14560771	1003.799502117	4.905941904
46	14569686	1004.408309471	0.608807354
46	14569775	1004.4154957	0.007186229
46	14580241	1005.322585552	0.907089852
46	14614135	1007.168970155	1.846384603
46	14620553	1007.696446765	0.52747661
46	14635179	1008.658508977	0.962062212
46	14649089	1009.125834303	0.467325326
46	14657700	1009.311969732	0.186135429
46	14720718	1012.210666686	2.898696954
46	14734075	1013.136443759	0.925777073
46	14740448	1013.481300943	0.344857184
46	14742651	1013.620276133	0.13897519
46	14756745	1014.037185016	0.416908883
46	14813479	1017.087482314	3.050297298
46	14823812	1017.696487944	0.60900563
46	14875657	1021.331241419	3.634753475
46	14891717	1022.751733831	1.420492412
46	14909145	1023.89998365	1.148249819
46	14936281	1026.022718227	2.122734577
46	14950391	1026.712271159	0.689552932
46	14953206	1026.814792548	0.102521389
46	14976280	1028.172444581	1.357652033
46	15069065	1034.658455428	6.486010847
46	15074907	1035.302583097	0.644127669
46	15084328	1036.28928608	0.986702983
46	15088132	1036.589532916	0.300246836
46	15088800	1036.665760169	0.076227253
46	15105509	1037.711509942	1.045749773
46	15105628	1037.717927054	0.006417112
46	15149381	1039.806832175	2.088905121
46	15173284	1041.329053628	1.522221453
46	15201228	1042.380438005	1.051384377
46	15223458	1044.016459016	1.636021011
46	15237220	1045.277366439	1.260907423
46	15272686	1048.072460189	2.79509375
46	15278600	1048.610584834	0.538124645
46	15287386	1049.033932596	0.423347762
46	15350744	1053.008162463	3.974229867
46	15384782	1055.554971659	2.546809196
46	15390691	1056.127804695	0.572833036
46	15457255	1061.091575141	4.963770446
46	15463495	1061.598281945	0.506706804
46	15465863	1061.803438037	0.205156092
46	15466353	1061.845802267	0.04236423
46	15473473	1062.302918251	0.457115984
46	15514246	1064.714035776	2.411117525
46	15572170	1069.530461166	4.81642539
46	15619304	1073.077053966	3.5465928
46	15628539	1073.837658378	0.760604412
46	15686752	1078.663754355	4.826095977
46	15721768	1082.032552672	3.368798317
46	15722830	1082.144474318	0.111921646
46	15722983	1082.162229089	0.017754771
46	15774719	1085.66004929	3.497820201
46	15783995	1085.989524483	0.329475193
46	15797261	1087.542228518	1.552704035
46	15813221	1089.038589718	1.4963612
46	15828226	1089.730823152	0.692233434
46	15918762	1095.965146781	6.234323629
46	15929685	1097.122676676	1.157529895
46	15937509	1097.910536134	0.787859458
46	16016519	1103.383903358	5.473367224
46	16056340	1107.78878985	4.404886492
46	16059820	1108.151931055	0.363141205
46	16122000	1113.308759473	5.156828418
46	16130882	1114.328203093	1.01944362
46	16172879	1118.07425722	3.746054127
46	16184070	1118.626956191	0.552698971
46	16202430	1120.168578255	1.541622064
46	16216264	1121.162998882	0.994420627
46	16217845	1121.415083002	0.25208412
46	16268205	1123.900359887	2.485276885
46	16278976	1124.893118869	0.992758982
46	16281796	1125.077183281	0.184064412
46	16287576	1125.490281908	0.413098627
46	16314368	1127.134084322	1.643802414
46	16319621	1127.619387543	0.485303221
46	16347738	1129.29942193	1.680034387
46	16368309	1131.125275432	1.825853502
46	16371831	1131.566140336	0.440864904
46	16385663	1132.685281274	1.119140938
46	16429986	1134.872075242	2.186793968
46	16453403	1135.941385668	1.069310426
46	16456185	1136.116676494	0.175290826
46	16457182	1136.185167336	0.068490842
46	16529623	1140.261368263	4.076200927
46	16534877	1140.661283817	0.399915554
46	16539888	1141.024279021	0.362995204
46	16566434	1142.463050236	1.438771215
46	16574876	1142.898187963	0.435137727
46	16578941	1143.284381529	0.386193566
46	16587480	1144.09426654	0.809885011
46	16596399	1144.595187336	0.500920796
46	16606205	1144.815107407	0.219920071
46	16613313	1144.97809434	0.162986933
46	16636238	1146.356390218	1.378295878
46	16670310	1147.934244726	1.577854508
46	16673001	1148.119428052	0.185183326
46	16694950	1149.169639167	1.050211115
47	2738696	153.351506178	4.926924634
47	2739482	153.365491967	0.013985789
47	2787358	155.332269594	1.966777627
47	2798175	155.94020377	0.607934176
47	2806081	156.636651965	0.696448195
47	2809798	156.949178898	0.312526933
47	2824135	157.478646964	0.529468066
47	2850823	158.685599046	1.206952082
47	2881473	162.010402719	3.324803673
47	2889206	162.361308206	0.350905487
47	2904296	163.011711656	0.65040345
47	2918687	164.322539296	1.31082764
47	2952156	167.43471062	3.112171324
47	2961896	168.447004433	1.012293813
47	2971765	169.678007202	1.231002769
47	3024725	175.283626858	5.605619656
47	3052084	178.263052728	2.97942587
47	3054241	178.413313108	0.15026038
47	3061200	178.737158453	0.323845345
47	3069416	179.662561001	0.925402548
47	3121388	183.644048124	3.981487123
47	3126554	183.869179329	0.225131205
47	3189479	187.906066118	4.036886789
47	3213775	189.933429298	2.02736318
47	3241325	193.132756857	3.199327559
47	3260049	195.103087896	1.970331039
47	3278679	196.650660838	1.547572942
47	3282180	196.816790488	0.16612965
47	3331261	199.291837104	2.475046616
47	3334209	199.621044212	0.329207108
47	3342091	200.29128099	0.670236778
47	3391688	203.711899216	3.420618226
47	3445312	206.863722036	3.15182282
47	3458460	209.203853612	2.340131576
47	3471837	210.351076653	1.147223041
47	3491919	211.85158671	1.500510057
47	3495671	212.492445949	0.640859239
47	3528191	215.815739462	3.323293513
47	3547267	217.251309017	1.435569555
47	3552139	217.416041837	0.16473282
47	3592229	220.283536834	2.867494997
47	3619791	222.753262009	2.469725175
47	3657487	224.958553255	2.205291246
47	3676584	226.480757035	1.52220378
47	3707459	229.504635523	3.023878488
47	3747598	232.783958162	3.279322639
47	3749723	232.965350427	0.181392265
47	3758014	233.830144922	0.864794495
47	3762511	234.287065245	0.456920323
47	3805799	239.737737154	5.450671909
47	3854100	242.782950121	3.045212967
47	3905611	246.790069929	4.007119808
47	3916018	247.507597215	0.717527286
47	3940836	248.713663325	1.20606611
47	3959455	249.838419061	1.124755736
47	3972877	250.387466692	0.549047631
47	3993283	252.230754393	1.843287701
47	3997250	252.611778048	0.381023655
47	4058352	256.76575313	4.153975082
47	4059770	256.93557158	0.16981845
47	4061604	257.150787987	0.215216407
47	4096222	260.962729608	3.811941621
47	4099342	261.531583844	0.568854236
47	4102279	261.946696426	0.415112582
47	4160166	265.047894674	3.101198248
47	4168848	265.861777611	0.813882937
47	4175761	266.817309781	0.95553217
47	4236327	270.476452404	3.659142623
47	4290072	274.402444496	3.925992092
47	4303178	275.468146701	1.065702205
47	4381001	279.658292748	4.190146047
47	4382772	279.85975957	0.201466822
47	4386147	280.181101701	0.321342131
47	4393213	281.155015124	0.973913423
47	4400560	281.841947974	0.68693285
47	4405596	282.251872384	0.40992441
47	4406877	282.36424185	0.112369466
47	4443104	284.755726347	2.391484497
47	4570061	291.552220858	6.796494511
47	4626473	293.900558115	2.348337257
47	4628712	293.998257691	0.097699576
47	4629028	294.020839206	0.022581515
47	4666404	297.106391523	3.085552317
47	4668016	297.335834079	0.229442556
47	4675931	297.890352176	0.554518097
47	4687632	298.853797578	0.963445402
47	4690764	299.12547673	0.271679152
47	4691543	299.269157763	0.143681033
47	4693753	299.529761317	0.260603554
47	4707668	300.396365306	0.866603989
47	4726008	301.257964954	0.861599648
47	4727620	301.399775507	0.141810553
47	4739608	302.257609432	0.857833925
47	4756308	303.283638286	1.026028854
47	4761657	303.823043406	0.53940512
47	4872295	310.211555713	6.388512307
47	4895127	311.479028208	1.267472495
47	4911457	313.19837742	1.719349212
47	4919307	313.732457232	0.534079812
47	4944093	315.578402863	1.845945631
47	4969061	317.504562443	1.92615958
47	4974384	318.107641539	0.603079096
47	5008825	321.990807475	3.883165936
47	5045915	325.923026849	3.932219374
47	5057035	326.770031392	0.847004543
47	5069413	327.257663305	0.487631913
47	5089065	329.004670249	1.747006944
47	5090392	329.128610245	0.123939996
47	5091499	329.233540775	0.10493053
47	5112094	330.784737172	1.551196397
47	5114060	331.111328851	0.326591679
47	5125378	332.108918873	0.997590022
47	5159683	336.641846805	4.532927932
47	5194800	340.189638776	3.547791971
47	5213786	342.213525397	2.023886621
47	5216097	342.724212992	0.510687595
47	5224409	343.637559248	0.913346256
47	5234815	344.865807227	1.228247979
47	5267611	346.46118004	1.595372813
47	5274655	347.005341279	0.544161239
47	5275288	347.05769271	0.052351431
47	5290385	348.021810834	0.964118124
47	5308187	350.327622091	2.305811257
47	5321715	352.143069141	1.81544705
47	5367488	357.932258261	5.78918912
47	5372903	358.572136112	0.639877851
47	5392303	360.353051102	1.78091499
47	5401801	361.257952906	0.904901804
47	5405382	361.724647083	0.466694177
47	5412235	362.354985272	0.630338189
47	5421262	363.081551915	0.726566643
47	5429383	363.926008384	0.844456469
47	5444962	364.839921173	0.913912789
47	5464520	366.298836314	1.458915141
47	5464524	366.299788893	0.000952579
47	5468312	366.492931832	0.193142939
47	5471908	366.765501331	0.272569499
47	5481874	366.970007575	0.204506244
47	5521418	369.297525026	2.327517451
47	5555583	370.959757572	1.662232546
47	5560880	371.386496635	0.426739063
47	5596903	374.106673699	2.720177064
47	5639433	377.462193639	3.35551994
47	5662986	378.775723479	1.31352984
47	5671111	379.172735297	0.397011818
47	5688438	380.361060414	1.188325117
47	5722570	381.616382732	1.255322318
47	5742009	383.039975016	1.423592284
47	5772881	385.170913541	2.130938525
47	5805166	387.077443505	1.906529964
47	5823047	388.403455655	1.32601215
47	5828729	388.89712857	0.493672915
47	5905833	393.833859989	4.936731419
47	5954746	397.386064484	3.552204495
47	5955261	397.461018264	0.07495378
47	5986007	399.066682304	1.60566404
47	6005701	400.421504499	1.354822195
47	6007382	400.602660665	0.181156166
47	6049661	402.72130938	2.118648715
47	6070349	403.661296232	0.939986852
47	6077689	404.282668123	0.621371891
47	6089261	404.978850723	0.6961826
47	6094167	405.313599856	0.334749133
47	6099151	405.742573924	0.428974068
47	6099746	405.838033105	0.095459181
47	6113248	406.894446706	1.056413601
47	6121769	407.594014658	0.699567952
47	6137543	409.05018826	1.456173602
47	6173271	411.383439956	2.333251696
47	6247363	415.446079246	4.06263929
47	6255756	416.3241122	0.878032954
47	6269615	417.291539309	0.967427109
47	6271484	417.448394408	0.156855099
47	6298929	419.237420507	1.789026099
47	6331011	421.406755788	2.169335281
47	6344045	422.160498025	0.753742237
47	6353705	422.708799102	0.548301077
47	6371548	424.010922032	1.30212293
47	6386582	424.948211849	0.937289817
47	6453547	430.277776056	5.329564207
47	6542966	435.475198262	5.197422206
47	6559904	435.985307988	0.510109726
47	6567576	436.432022499	0.446714511
47	6610820	439.096019053	2.663996554
47	6634159	441.132071958	2.036052905
47	6636616	441.508003045	0.375931087
47	6646322	442.805183906	1.297180861
47	6718589	450.749076439	7.943892533
47	6753989	453.144266902	2.395190463
47	6757034	453.41419446	0.269927558
47	6768216	454.374856661	0.960662201
47	6778407	455.507661417	1.132804756
47	6787057	456.385843214	0.878181797
47	6788502	456.5789147	0.193071486
47	6797948	457.094282087	0.515367387
47	6802772	457.324353565	0.230071478
47	6873698	462.74068578	5.416332215
47	6892790	464.262476304	1.521790524
47	6904281	465.237345155	0.974868851
47	6911946	465.516124701	0.278779546
47	6951781	468.548577777	3.032453076
47	6958032	469.18294299	0.634365213
47	6967146	470.526757735	1.343814745
47	6981591	472.597241284	2.070483549
47	6990885	473.932848487	1.335607203
47	7004404	474.823612823	0.890764336
47	7014563	476.293351866	1.469739043
47	7048965	478.750523366	2.4571715
47	7078711	481.561131233	2.810607867
47	7108330	484.207036062	2.645904829
47	7134186	486.548204657	2.341168595
47	7202775	490.194198962	3.645994305
47	7210132	490.482351219	0.288152257
47	7220219	491.365791568	0.883440349
47	7303347	496.206874005	4.841082437
47	7444611	506.265879954	10.059005949
47	7519751	508.84928299	2.583403036
47	7544294	509.867600393	1.018317403
47	7554838	510.576651172	0.709050779
47	7569113	511.965039282	1.38838811
47	7577559	512.53047268	0.565433398
47	7578077	512.587585088	0.057112408
47	7619345	516.447784207	3.860199119
47	7627236	517.147108253	0.699324046
47	7640567	518.263251565	1.116143312
47	7645948	518.616107778	0.352856213
47	7657119	519.775910007	1.159802229
47	7701790	523.411762252	3.635852245
47	7712905	524.25767418	0.845911928
47	7725472	525.501829965	1.244155785
47	7730828	525.961971991	0.460142026
47	7822929	532.371851926	6.409879935
47	7864346	535.274380079	2.902528153
47	7889198	536.833791122	1.559411043
47	7934743	540.346389968	3.512598846
47	7960256	542.529239065	2.182849097
47	7964265	542.99243761	0.463198545
47	7981381	544.108633703	1.116196093
47	8003724	545.541070438	1.432436735
47	8020437	546.284822493	0.743752055
47	8067885	548.847149274	2.562326781
47	8125288	553.005986451	4.158837177
47	8131309	553.287923557	0.281937106
47	8152200	554.278399718	0.990476161
47	8154157	554.495452361	0.217052643
47	8180121	556.31997252	1.824520159
47	8184392	557.036048687	0.716076167
47	8188854	557.662522165	0.626473478
47	8196207	558.985932823	1.323410658
47	8201407	559.86305608	0.877123257
47	8228516	563.236865837	3.373809757
47	8248097	566.522078641	3.285212804
47	8262115	567.436807528	0.914728887
47	8290000	570.033582302	2.596774774
47	8334534	574.868408669	4.834826367
47	8394749	579.325009264	4.456600595
47	8455792	583.756574897	4.431565633
47	8467939	584.474847433	0.718272536
47	8481401	585.288909735	0.814062302
47	8484783	585.732698265	0.44378853
47	8499479	586.25026514	0.517566875
47	8516422	587.10323378	0.85296864
47	8519316	587.177132187	0.073898407
47	8529605	587.787141691	0.610009504
47	8580568	590.820434962	3.033293271
47	8609506	592.823717895	2.003282933
47	8624666	593.698742169	0.875024274
47	8667928	596.267052139	2.56830997
47	8675748	596.85358301	0.586530871
47	8683086	597.683347612	0.829764602
47	8689604	598.363640226	0.680292614
47	8708472	600.711332523	2.347692297
47	8717973	601.838117467	1.126784944
47	8725250	602.883427726	1.045310259
47	8738727	603.912052604	1.028624878
47	8751304	605.182380388	1.270327784
47	8752490	605.314479191	0.132098803
47	8768600	606.545573243	1.231094052
47	8783639	608.142322553	1.59674931
47	8822089	611.890723956	3.748401403
47	8826081	612.471317226	0.58059327
47	8853035	613.714980878	1.243663652
47	8868099	614.439221016	0.724240138
47	8874925	614.878484654	0.439263638
47	8890450	616.045396219	1.166911565
47	8933808	619.037173511	2.991777292
47	8958259	620.503428711	1.4662552
47	8981789	621.660055755	1.156627044
47	8988095	622.138594827	0.478539072
47	8995810	622.649802611	0.511207784
47	9016308	623.341871684	0.692069073
47	9023292	624.133062501	0.791190817
47	9023741	624.227711038	0.094648537
47	9034810	625.110657026	0.882945988
47	9042693	625.798550385	0.687893359
47	9044544	625.880203804	0.081653419
47	9065339	627.041110579	1.160906775
47	9156757	632.387108445	5.345997866
47	9170422	633.262019238	0.874910793
47	9175961	633.863641713	0.601622475
47	9195555	635.806372456	1.942730743
47	9234422	638.821981934	3.015609478
47	9273926	640.861590733	2.039608799
47	9320215	642.685899717	1.824308984
47	9359013	644.555338799	1.869439082
47	9367469	644.946068825	0.390730026
47	9380025	645.734042765	0.78797394
47	9448858	651.074330562	5.340287797
47	9469793	653.511694095	2.437363533
47	9471282	653.620079184	0.108385089
47	9518953	657.974679005	4.354599821
47	9549025	660.748207348	2.773528343
47	9555656	661.390046816	0.641839468
47	9556360	661.449352188	0.059305372
47	9576981	663.44999356	2.000641372
47	9586292	664.560686649	1.110693089
47	9619564	667.047037551	2.486350902
47	9690591	670.598401684	3.551364133
47	9693294	670.708870732	0.110469048
47	9710467	671.710022655	1.001151923
47	9727156	672.993893608	1.283870953
47	9781505	676.127761727	3.133868119
47	9829493	679.838218632	3.710456905
47	9833117	680.155628592	0.31740996
47	9839711	681.20196799	1.046339398
47	9857077	682.6467404	1.44477241
47	9865030	683.613557245	0.966816845
47	9883820	684.842607982	1.229050737
47	9884842	685.052058872	0.20945089
47	9955685	691.650294834	6.598235962
47	9981169	692.348285506	0.697990672
47	10002965	693.666228821	1.317943315
47	10015043	694.166020653	0.499791832
47	10022917	694.805409174	0.639388521
47	10039603	695.711521922	0.906112748
47	10052073	696.662328556	0.950806634
47	10053601	696.852609834	0.190281278
47	10054117	696.891637293	0.039027459
47	10074892	697.825231769	0.933594476
47	10094538	699.846260846	2.021029077
47	10138904	702.55201672	2.705755874
47	10140793	702.732404254	0.180387534
47	10152379	703.699234271	0.966830017
47	10152899	703.709154906	0.009920635
47	10168873	704.200103405	0.490948499
47	10195200	706.438177703	2.238074298
47	10197440	706.777663236	0.339485533
47	10201376	707.456044466	0.67838123
47	10205214	707.98449295	0.528448484
47	10206243	708.12041717	0.13592422
47	10212715	708.906022611	0.785605441
47	10320517	715.05997001	6.153947399
47	10369692	718.982491797	3.922521787
47	10374508	719.400864016	0.418372219
47	10375270	719.530610277	0.129746261
47	10399129	721.981471336	2.450861059
47	10449912	726.068143171	4.086671835
47	10481945	728.4125388	2.344395629
47	10500500	729.338677484	0.926138684
47	10595476	734.363882496	5.025205012
47	10596700	734.505951369	0.142068873
47	10598949	734.719763124	0.213811755
47	10607284	735.470906685	0.751143561
47	10610594	735.571481253	0.100574568
47	10648255	738.037914154	2.466432901
47	10672802	740.028697292	1.990783138
47	10709691	742.052484946	2.023787654
47	10718166	742.918884048	0.866399102
47	10734814	743.507140713	0.588256665
47	10742211	744.385826233	0.87868552
47	10836163	749.216560301	4.830734068
47	10858574	750.801729319	1.585169018
47	10865519	751.127230451	0.325501132
47	10883920	752.19463329	1.067402839
47	10909103	753.365062179	1.170428889
47	10911517	753.660666505	0.295604326
47	10939153	754.267634448	0.606967943
47	10955120	755.454452707	1.186818259
47	10961081	755.814893405	0.360440698
47	10983183	757.246539655	1.43164625
47	11009478	759.301507614	2.054967959
47	11015036	759.433117579	0.131609965
47	11040845	761.321170614	1.888053035
47	11043143	761.437643655	0.116473041
47	11050894	762.281796972	0.844153317
47	11069480	763.968281986	1.686485014
47	11071891	764.204920801	0.236638815
47	11094681	766.371698315	2.166777514
47	11099094	766.959464852	0.587766537
47	11099573	767.08568062	0.126215768
47	11112615	768.880958732	1.795278112
47	11120720	769.76786357	0.886904838
47	11131655	771.261561288	1.493697718
47	11221080	777.776502789	6.514941501
47	11241164	778.883151022	1.106648233
47	11282305	782.494214392	3.61106337
47	11342893	785.194983996	2.700769604
47	11370835	787.015818134	1.820834138
47	11397966	788.469588085	1.453769951
47	11445268	790.538910867	2.069322782
47	11458206	791.748289241	1.209378374
47	11474787	793.365290479	1.617001238
47	11541705	796.859253597	3.493963118
47	11550092	797.32630158	0.467047983
47	11561899	797.52851534	0.20221376
47	11638171	802.737986987	5.209471647
47	11666841	804.299483219	1.561496232
47	11678250	805.200962554	0.901479335
47	11684378	805.841914424	0.64095187
47	11713686	807.956366221	2.114451797
47	11731046	809.29702267	1.340656449
47	11800555	814.460197113	5.163174443
47	11803568	814.816478833	0.35628172
47	11818996	816.21101018	1.394531347
47	11863395	818.596566859	2.385556679
47	11865924	818.719216443	0.122649584
47	11872246	819.455958829	0.736742386
47	11927628	823.858161925	4.402203096
47	11931130	824.514637348	0.656475423
47	11931619	824.56744247	0.052805122
47	11942613	825.575175421	1.007732951
47	11962087	827.124095031	1.54891961
47	11979008	828.20843503	1.084339999
47	11992729	829.248898137	1.040463107
47	11999090	829.834896024	0.585997887
47	12005596	830.169181705	0.334285681
47	12026509	831.120065497	0.950883792
47	12047696	832.720483524	1.600418027
47	12048570	832.851816437	0.131332913
47	12063774	834.417162541	1.565346104
47	12091063	836.113634144	1.696471603
47	12099640	836.792104559	0.678470415
47	12117773	838.177657946	1.385553387
47	12131000	839.90516869	1.727510744
47	12169065	843.408206895	3.503038205
47	12196039	845.060113005	1.65190611
47	12198424	845.296732611	0.236619606
47	12216166	846.470492095	1.173759484
47	12249085	848.902496697	2.432004602
47	12256202	849.554916941	0.652420244
47	12291337	852.219982626	2.665065685
47	12372305	856.254815636	4.03483301
47	12460842	859.908766769	3.653951133
47	12468325	860.266974881	0.358208112
47	12488379	861.240767306	0.973792425
47	12584394	866.650332109	5.409564803
47	12594497	867.194671361	0.544339252
47	12621757	868.845417634	1.650746273
47	12621919	868.860784848	0.015367214
47	12622288	868.89178649	0.031001642
47	12660729	871.185307781	2.293521291
47	12662437	871.275520527	0.090212746
47	12680720	872.653235643	1.377715116
47	12721249	875.772417283	3.11918164
47	12774837	878.880819622	3.108402339
47	12862673	882.832262972	3.95144335
47	12867998	883.181108693	0.348845721
47	12874539	883.553592357	0.372483664
47	12912555	885.644233994	2.090641637
47	12945021	888.973847805	3.329613811
47	12945388	889.014229875	0.04038207
47	12955408	890.303882815	1.28965294
47	12971262	892.369606472	2.065723657
47	12977564	893.165542367	0.795935895
47	12980770	893.599940666	0.434398299
47	12996730	894.976313543	1.376372877
47	13005422	895.922268191	0.945954648
47	13015257	896.74824865	0.825980459
47	13020352	897.448391182	0.700142532
47	13028923	898.585397608	1.137006426
47	13035001	899.175759019	0.590361411
47	13075632	902.162891196	2.987132177
47	13092944	903.951896986	1.78900579
47	13191272	907.319975133	3.368078147
47	13254988	911.373626339	4.053651206
47	13281714	914.130660857	2.757034518
47	13293043	914.900382967	0.76972211
47	13299430	915.269351857	0.36896889
47	13330179	917.886366871	2.617015014
47	13369581	920.905418038	3.019051167
47	13370209	920.932083893	0.026665855
47	13402888	923.279570304	2.347486411
47	13430333	925.269767012	1.990196708
47	13461553	926.926838337	1.657071325
47	13470002	927.422295996	0.495457659
47	13473881	927.704410895	0.282114899
47	13507654	929.359537236	1.655126341
47	13509026	929.409656747	0.050119511
47	13532682	930.675067058	1.265410311
47	13557912	932.454216318	1.77914926
47	13593998	935.86018281	3.405966492
47	13609604	937.105425933	1.245243123
47	13658916	942.008960193	4.90353426
47	13659794	942.176955851	0.167995658
47	13659913	942.194728296	0.017772445
47	13676061	944.337647087	2.142918791
47	13678862	944.685615716	0.347968629
47	13687731	945.781991284	1.096375568
47	13694722	946.629386303	0.847395019
47	13708717	948.144877554	1.515491251
47	13708988	948.161642115	0.016764561
47	13722524	949.66849735	1.506855235
47	13722587	949.682796341	0.014298991
47	13766509	951.841649049	2.158852708
47	13782814	952.648271088	0.806622039
47	13820318	953.956756577	1.308485489
47	13825670	954.460107392	0.503350815
47	13837899	955.127296829	0.667189437
47	13868065	956.202971175	1.075674346
47	13891058	957.203972641	1.001001466
47	13894585	957.358498282	0.154525641
47	13903808	957.896942093	0.538443811
47	13906520	958.126061627	0.229119534
47	13937484	959.613987217	1.48792559
47	13973104	961.939639687	2.32565247
47	13998529	963.616522074	1.676882387
47	14003033	964.110595581	0.494073507
47	14148794	974.52281201	10.412216429
47	14171415	975.562703512	1.039891502
47	14191504	976.965251087	1.402547575
47	14197695	977.139474104	0.174223017
47	14211244	977.934791079	0.795316975
47	14273711	982.704425191	4.769634112
47	14278146	983.18488224	0.480457049
47	14282912	983.65011495	0.46523271
47	14313714	985.232474918	1.582359968
47	14322430	986.082403145	0.849928227
47	14346203	987.344601711	1.262198566
47	14355515	988.073001793	0.728400082
47	14382291	990.013099614	1.940097821
47	14409415	992.555173762	2.542074148
47	14423520	994.022481848	1.467308086
47	14440292	995.800588531	1.778106683
47	14443937	996.286931201	0.48634267
47	14445391	996.505179923	0.218248722
47	14462999	997.702717136	1.197537213
47	14467188	998.060146149	0.357429013
47	14468188	998.186744744	0.126598595
47	14470881	998.43483066	0.248085916
47	14473204	998.603399083	0.168568423
47	14476675	998.975134254	0.371735171
47	14520955	1001.475181713	2.500047459
47	14553760	1003.10400914	1.628827427
47	14567911	1004.303587351	1.199578211
47	14575739	1004.819306754	0.515719403
47	14579342	1005.184464255	0.365157501
47	14590940	1006.018705243	0.834240988
47	14640389	1008.767669661	2.748964418
47	14720254	1012.180480833	3.412811172
47	14734519	1013.16773967	0.987258837
47	14811538	1016.824249974	3.656510304
47	14839977	1018.692362975	1.868113001
47	14856795	1019.667906719	0.975543744
47	14873597	1021.074777251	1.406870532
47	14875672	1021.331768251	0.256991
47	14888114	1022.359397581	1.02762933
47	14911717	1024.219182138	1.859784557
47	14936684	1026.052327463	1.833145325
47	14990760	1028.632917855	2.580590392
47	15048128	1032.348220172	3.715302317
47	15054599	1032.865106117	0.516885945
47	15071515	1034.93413726	2.069031143
47	15075130	1035.342277395	0.408140135
47	15128912	1038.879909879	3.537632484
47	15136435	1039.347569771	0.467659892
47	15147988	1039.763717294	0.416147523
47	15204775	1042.762414364	2.99869707
47	15204952	1042.774927252	0.012512888
47	15244999	1045.657439106	2.882511854
47	15254005	1046.719369619	1.061930513
47	15332911	1051.447877572	4.728507953
47	15354337	1053.130129451	1.682251879
47	15364674	1053.986570207	0.856440756
47	15390698	1056.127804695	2.141234488
47	15394888	1056.617085575	0.48928088
47	15398761	1057.011646754	0.394561179
47	15404813	1057.414269255	0.402622501
47	15456971	1061.032381614	3.618112359
47	15463502	1061.598281945	0.565900331
47	15466495	1061.861731397	0.263449452
47	15495079	1063.371197353	1.509465956
47	15507514	1063.870293796	0.499096443
47	15511907	1064.399702765	0.529408969
47	15542467	1066.815096945	2.41539418
47	15567771	1069.022733845	2.2076369
47	15572177	1069.530461166	0.507727321
47	15574693	1069.789058497	0.258597331
47	15576096	1069.943032765	0.153974268
47	15585187	1070.881742093	0.938709328
47	15632594	1074.315827193	3.4340851
47	15645004	1075.72017586	1.404348667
47	15678911	1078.410268072	2.690092212
47	15712516	1080.799916445	2.389648373
47	15720928	1081.921100934	1.121184489
47	15790347	1086.831228126	4.910127192
47	15858914	1091.649776233	4.818548107
47	15875034	1092.409306077	0.759529844
47	15876817	1092.693936019	0.284629942
47	15889253	1093.752603312	1.058667293
47	16019023	1103.703469668	9.950866356
47	16026011	1104.446774744	0.743305076
47	16039948	1106.032647361	1.585872617
47	16076583	1109.639430642	3.606783281
47	16098695	1110.883892385	1.244461743
47	16108550	1111.908178368	1.024285983
47	16111985	1112.248766377	0.340588009
47	16125548	1113.797043407	1.54827703
47	16166005	1117.309429109	3.512385702
47	16167665	1117.500955549	0.19152644
47	16171328	1117.833527011	0.332571462
47	16185551	1118.738251539	0.904724528
47	16195570	1119.223141783	0.484890244
47	16210256	1120.776176134	1.553034351
47	16215981	1121.119620745	0.343444611
47	16244532	1122.839333946	1.719713201
47	16271797	1124.033929105	1.194595159
47	16283533	1125.226448464	1.192519359
47	16362921	1130.707186838	5.480738374
47	16388756	1132.864118982	2.156932144
47	16432918	1134.967319124	2.103200142
47	16459848	1136.363758014	1.39643889
47	16485027	1137.860939946	1.497181932
47	16532713	1140.545737377	2.684797431
47	16542477	1141.370040522	0.824303145
47	16567513	1142.574862301	1.204821779
47	16636245	1146.356390218	3.781527917
47	16669684	1147.880797904	1.524407686
