version 2
run PastryDHT-6-20211207-00:27:00-4724
attr Lifetime 700s
attr configname PastryDHT
attr datetime 20211207-00:27:00
attr experiment PastryDHT
attr inifile configs.ini
attr iterationvars $Lifetime=700s
attr iterationvars2 "$Lifetime=700s, $repetition=0"
attr measurement $Lifetime=700s
attr network oversim.underlay.simpleunderlay.SimpleUnderlayNetwork
attr processid 4724
attr repetition 0
attr replication #0
attr resultdir results
attr runnumber 6
attr seedset 6

vector 37  SimpleUnderlayNetwork.globalObserver.globalStatistics  "GlobalNodeList: Number of nodes"  ETV
vector 38  SimpleUnderlayNetwork.globalObserver.globalStatistics  "GlobalDhtTestMap: Number of stored DHT entries"  ETV
vector 39  SimpleUnderlayNetwork.globalObserver.globalStatistics  "LifetimeChurn: Time between deletes"  ETV
vector 40  SimpleUnderlayNetwork.globalObserver.globalStatistics  "LifetimeChurn: Session Time"  ETV
vector 41  SimpleUnderlayNetwork.globalObserver.globalStatistics  "LifetimeChurn: Time between creates"  ETV
37	2931483	150	514
37	3597461	200	515
37	4283739	250	518
37	5085840	300	512
37	5766094	350	494
37	6592344	400	502
37	7279486	450	509
37	8039858	500	510
37	8794064	550	505
37	9629612	600	512
37	10439968	650	516
37	11165194	700	511
37	11915910	750	494
37	12774300	800	492
37	13666208	850	502
37	14368989	900	504
37	15294353	950	511
37	16268922	1000	516
37	17078715	1050	525
37	17810985	1100	525
38	2931484	150	759
38	3049861	160	839
38	3177991	170	929
38	3340331	180	1009
38	3454869	190	1077
38	3597462	200	1150
38	3738676	210	1242
38	3866082	220	1328
38	3999388	230	1412
38	4129830	240	1479
38	4283740	250	1554
38	4462700	260	1642
38	4607756	270	1729
38	4804148	280	1814
38	4946983	290	1895
38	5085841	300	1955
38	5264477	310	2039
38	5414534	320	2133
38	5548687	330	2207
38	5664805	340	2293
38	5766095	350	2375
38	5898297	360	2423
38	6073129	370	2414
38	6253005	380	2421
38	6416863	390	2421
38	6592345	400	2406
38	6705943	410	2401
38	6838472	420	2421
38	7001410	430	2408
38	7135491	440	2408
38	7279487	450	2407
38	7443184	460	2406
38	7610721	470	2392
38	7762569	480	2387
38	7914857	490	2394
38	8039859	500	2404
38	8238817	510	2401
38	8372906	520	2392
38	8499718	530	2389
38	8618081	540	2409
38	8794065	550	2401
38	8952027	560	2390
38	9141330	570	2399
38	9292096	580	2391
38	9448962	590	2390
38	9629613	600	2405
38	9803723	610	2404
38	9942882	620	2381
38	10054889	630	2397
38	10227179	640	2393
38	10439969	650	2400
38	10614064	660	2416
38	10758639	670	2414
38	10882938	680	2399
38	11047477	690	2396
38	11165195	700	2397
38	11347615	710	2409
38	11513677	720	2407
38	11669196	730	2421
38	11780557	740	2411
38	11915911	750	2388
38	12047596	760	2388
38	12242287	770	2408
38	12409670	780	2404
38	12601864	790	2398
38	12774301	800	2395
38	12936621	810	2376
38	13122649	820	2379
38	13294971	830	2401
38	13458141	840	2392
38	13666209	850	2386
38	13830069	860	2384
38	13979167	870	2363
38	14127005	880	2358
38	14231621	890	2390
38	14368990	900	2388
38	14543931	910	2376
38	14715330	920	2379
38	14891681	930	2371
38	15087042	940	2381
38	15294354	950	2366
38	15492445	960	2377
38	15664990	970	2374
38	15869911	980	2366
38	16084441	990	2362
38	16268923	1000	2375
38	16428327	1010	2367
38	16582057	1020	2379
38	16748195	1030	2355
38	16915456	1040	2383
38	17078716	1050	2388
38	17249554	1060	2401
38	17414012	1070	2396
38	17537614	1080	2401
38	17651494	1090	2403
38	17810986	1100	2397
38	17964406	1110	2423
38	18129415	1120	2430
38	18250284	1130	2403
38	18408918	1140	2378
39	2934647	150.495475135	2.939919251
39	2935802	150.618547694	0.123072559
39	2956223	151.935736697	1.317189003
39	2992586	154.491501591	2.555764894
39	2993174	154.613431253	0.121929662
39	3021615	157.231725507	2.618294254
39	3049562	159.980598033	2.748872526
39	3054490	160.346734963	0.36613693
39	3058769	160.575331957	0.228596994
39	3111588	165.320689877	4.74535792
39	3168088	169.100725801	3.780035924
39	3170586	169.268534387	0.167808586
39	3209937	172.312453437	3.04391905
39	3225563	173.393512622	1.081059185
39	3228263	173.592796693	0.199284071
39	3242490	174.894652233	1.30185554
39	3273290	176.355153104	1.460500871
39	3290829	176.903134398	0.547981294
39	3312294	177.922219596	1.019085198
39	3325953	178.832044385	0.909824789
39	3358152	181.265735596	2.433691211
39	3377091	182.223564981	0.957829385
39	3386896	183.312583984	1.089019003
39	3392147	183.913139635	0.600555651
39	3395749	184.509506252	0.596366617
39	3398246	184.756195625	0.246689373
39	3410448	185.649718395	0.89352277
39	3440403	188.365618221	2.715899826
39	3446759	189.105766772	0.740148551
39	3465939	191.310654987	2.204888215
39	3467270	191.541238101	0.230583114
39	3517476	194.084701319	2.543463218
39	3534908	195.029031953	0.944330634
39	3561364	197.41891159	2.389879637
39	3570689	197.946648942	0.527737352
39	3600648	200.447697506	2.501048564
39	3672379	204.516530826	4.06883332
39	3701905	206.172640135	1.656109309
39	3743422	210.525993416	4.353353281
39	3759421	211.959813196	1.43381978
39	3769140	213.124146968	1.164333772
39	3772188	213.549640357	0.425493389
39	3773364	213.718620034	0.168979677
39	3804687	215.455522885	1.736902851
39	3828169	217.014845817	1.559322932
39	3852878	218.939751628	1.924905811
39	3856621	219.098596311	0.158844683
39	3862484	219.709241047	0.610644736
39	3865281	219.934940798	0.225699751
39	3940283	224.985897634	5.050956836
39	3947733	225.948651926	0.962754292
39	3950875	226.308132634	0.359480708
39	3955451	226.537237087	0.229104453
39	3992207	229.315281817	2.77804473
39	4000089	230.152869063	0.837587246
39	4005429	230.65657261	0.503703547
39	4025377	231.295461987	0.638889377
39	4031698	231.546502321	0.251040334
39	4101565	236.868850315	5.322347994
39	4102605	237.078186675	0.20933636
39	4103135	237.157149816	0.078963141
39	4119434	238.554987766	1.39783795
39	4129166	239.86325807	1.308270304
39	4131663	240.30018667	0.4369286
39	4148081	241.766775144	1.466588474
39	4154174	242.382550323	0.615775179
39	4191822	244.860923618	2.478373295
39	4215592	246.128474812	1.267551194
39	4217047	246.239579463	0.111104651
39	4220771	246.599956906	0.360377443
39	4227803	247.28227265	0.682315744
39	4309687	252.019177842	4.736905192
39	4322864	252.834508617	0.815330775
39	4377258	255.702669854	2.868161237
39	4378681	255.874921819	0.172251965
39	4381016	256.063514048	0.188592229
39	4389205	256.293944266	0.230430218
39	4395970	256.610293277	0.316349011
39	4415133	257.093971618	0.483678341
39	4420153	257.367902866	0.273931248
39	4453735	259.144237955	1.776335089
39	4474566	261.246694565	2.10245661
39	4487633	262.042792425	0.79609786
39	4495210	262.786012372	0.743219947
39	4507706	263.638068857	0.852056485
39	4536835	265.05857097	1.420502113
39	4564374	267.168124146	2.109553176
39	4584761	268.360290499	1.192166353
39	4601394	269.551671184	1.191380685
39	4608766	270.100227625	0.548556441
39	4619568	271.045600614	0.945372989
39	4679012	275.476376836	4.430776222
39	4686225	275.699757278	0.223380442
39	4689734	275.942787277	0.243029999
39	4690428	276.051637345	0.108850068
39	4723749	277.211148157	1.159510812
39	4787334	279.080642302	1.869494145
39	4826267	281.239143532	2.15850123
39	4855273	283.595954554	2.356811022
39	4856433	283.739524904	0.14357035
39	4861370	284.180470403	0.440945499
39	4862121	284.203038098	0.022567695
39	4916100	287.563886319	3.360848221
39	4928543	288.43355011	0.869663791
39	4929840	288.549690422	0.116140312
39	4947820	290.120298414	1.570607992
39	4948224	290.201280629	0.080982215
39	4967731	291.731924922	1.530644293
39	4993326	294.106661768	2.374736846
39	4994409	294.2617366	0.155074832
39	5007871	295.42271423	1.16097763
39	5015341	296.294170736	0.871456506
39	5022172	296.849430295	0.555259559
39	5033922	297.141384342	0.291954047
39	5091562	300.61208829	3.470703948
39	5093443	300.934312823	0.322224533
39	5105378	301.827459796	0.893146973
39	5111253	302.519344349	0.691884553
39	5114160	302.832502384	0.313158035
39	5122749	303.487244109	0.654741725
39	5162083	305.44295536	1.955711251
39	5173917	305.861301266	0.418345906
39	5182270	306.614176869	0.752875603
39	5239247	308.528198466	1.914021597
39	5276900	310.677347201	2.149148735
39	5293740	312.180307566	1.502960365
39	5298906	312.291142982	0.110835416
39	5334015	314.024639482	1.7334965
39	5343162	314.643863194	0.619223712
39	5364946	316.134381501	1.490518307
39	5374730	316.490536618	0.356155117
39	5375938	316.529714027	0.039177409
39	5384865	317.349048938	0.819334911
39	5390001	317.957407807	0.608358869
39	5408105	319.407858998	1.450451191
39	5433955	321.013822523	1.605963525
39	5436176	321.195189271	0.181366748
39	5502951	325.647683132	4.452493861
39	5520340	327.260259689	1.612576557
39	5535910	329.149403608	1.889143919
39	5536248	329.159308793	0.009905185
39	5545401	329.548867686	0.389558893
39	5550585	330.310567105	0.761699419
39	5557255	331.076862872	0.766295767
39	5563942	331.717680016	0.640817144
39	5585653	333.313405634	1.595725618
39	5590275	333.529107131	0.215701497
39	5637102	336.385853546	2.856746415
39	5646988	337.466605133	1.080751587
39	5647967	337.578401939	0.111796806
39	5654187	338.417554362	0.839152423
39	5671111	341.011049565	2.593495203
39	5710801	343.999920842	2.988871277
39	5742597	347.223657771	3.223736929
39	5785716	352.070432678	4.846774907
39	5794672	352.353378105	0.282945427
39	5799111	352.740828129	0.387450024
39	5844763	356.033925565	3.293097436
39	5970668	363.40974241	7.375816845
39	6038610	367.35576235	3.94601994
39	6068942	369.751586952	2.395824602
39	6075391	370.07958751	0.328000558
39	6077174	370.162329321	0.082741811
39	6087543	370.850321072	0.687991751
39	6134408	374.146205683	3.295884611
39	6138090	374.364568363	0.21836268
39	6139391	374.467317414	0.102749051
39	6164324	375.563583393	1.096265979
39	6170005	376.219154662	0.655571269
39	6239928	379.191090974	2.971936312
39	6259110	380.322719709	1.131628735
39	6260218	380.39499369	0.072273981
39	6274002	380.98692929	0.5919356
39	6290992	381.720161804	0.733232514
39	6305805	382.731604121	1.011442317
39	6331211	384.557040264	1.825436143
39	6366937	386.792853016	2.235812752
39	6367017	386.802815097	0.009962081
39	6374585	387.285716785	0.482901688
39	6405685	389.244543617	1.958826832
39	6417666	390.076227893	0.831684276
39	6447405	391.899747402	1.823519509
39	6524446	395.223885041	3.324137639
39	6596425	400.56689334	5.343008299
39	6603828	401.577322262	1.010428922
39	6604445	401.62445278	0.047130518
39	6619576	403.763109758	2.138656978
39	6649787	406.401192035	2.638082277
39	6671646	407.552678406	1.151486371
39	6674180	407.806758126	0.25407972
39	6679625	408.320695034	0.513936908
39	6727568	412.116714301	3.796019267
39	6753065	415.178615239	3.061900938
39	6760627	416.240920598	1.062305359
39	6762283	416.426922782	0.186002184
39	6784590	417.576190711	1.149267929
39	6794056	418.00249248	0.426301769
39	6893084	422.853026175	4.850533695
39	6903678	423.56096036	0.707934185
39	6908034	424.239205911	0.678245551
39	6991684	429.232235875	4.993029964
39	7015747	430.76996359	1.537727715
39	7029725	432.188503625	1.418540035
39	7033145	432.518347271	0.329843646
39	7042927	433.68151019	1.163162919
39	7056379	435.075376514	1.393866324
39	7066963	436.013517591	0.938141077
39	7087085	436.683037777	0.669520186
39	7091697	437.35811344	0.675075663
39	7142103	440.708588169	3.350474729
39	7143455	440.864711141	0.156122972
39	7174602	442.817788511	1.95307737
39	7312151	451.507498777	8.689710266
39	7315366	451.825972928	0.318474151
39	7323072	452.691576715	0.865603787
39	7336095	453.379067971	0.687491256
39	7337128	453.45152201	0.072454039
39	7354652	454.631350584	1.179828574
39	7358594	454.850503271	0.219152687
39	7377989	455.947189242	1.096685971
39	7395477	457.108626559	1.161437317
39	7395561	457.117095826	0.008469267
39	7410065	458.467626305	1.350530479
39	7414316	458.781663585	0.31403728
39	7427618	459.279851419	0.498187834
39	7439126	459.692600245	0.412748826
39	7442910	459.975340834	0.282740589
39	7444557	460.140408886	0.165068052
39	7492427	464.189512457	4.049103571
39	7515304	465.157049989	0.967537532
39	7532176	466.338286081	1.181236092
39	7566307	467.447799436	1.109513355
39	7583225	468.471777977	1.023978541
39	7602213	469.321986831	0.850208854
39	7603485	469.445203245	0.123216414
39	7604082	469.513596416	0.068393171
39	7639790	471.842598352	2.329001936
39	7658096	473.638454507	1.795856155
39	7666536	474.495263714	0.856809207
39	7713945	477.47092316	2.975659446
39	7714057	477.47277907	0.00185591
39	7774320	481.153802297	3.681023227
39	7774821	481.233554856	0.079752559
39	7861511	486.014970475	4.781415619
39	7891931	487.819493468	1.804522993
39	7902792	488.982399315	1.162905847
39	7911162	489.54526	0.562860685
39	7923251	490.907939549	1.362679549
39	7948232	493.065641917	2.157702368
39	7960231	493.36218337	0.296541453
39	7987170	494.822684561	1.460501191
39	8008202	496.50092245	1.678237889
39	8031772	499.13312003	2.63219758
39	8057624	501.537514676	2.404394646
39	8090169	503.810776012	2.273261336
39	8105539	504.285462222	0.47468621
39	8136358	505.711043473	1.425581251
39	8181238	506.952155406	1.241111933
39	8208020	508.43463414	1.482478734
39	8215922	508.961180576	0.526546436
39	8223130	509.326166153	0.364985577
39	8267308	511.902012208	2.575846055
39	8309081	514.546429344	2.644417136
39	8338404	516.560888851	2.014459507
39	8339820	516.670290987	0.109402136
39	8346155	517.208441581	0.538150594
39	8349330	517.485299668	0.276858087
39	8349752	517.525538347	0.040238679
39	8366047	519.066705753	1.541167406
39	8369303	519.636650034	0.569944281
39	8426690	524.228419008	4.591768974
39	8479073	528.5181535	4.289734492
39	8480443	528.67682266	0.15866916
39	8511453	531.276558462	2.599735802
39	8521582	532.052582011	0.776023549
39	8523203	532.28491798	0.232335969
39	8527162	532.7996038	0.51468582
39	8536335	533.043916243	0.244312443
39	8613857	539.327424691	6.283508448
39	8653059	541.400718541	2.07329385
39	8672822	542.925911212	1.525192671
39	8679776	543.198922103	0.273010891
39	8690366	543.582400805	0.383478702
39	8719493	545.320774365	1.73837356
39	8750182	547.02501767	1.704243305
39	8791446	549.860597938	2.835580268
39	8815694	551.145376802	1.284778864
39	8817970	551.203813059	0.058436257
39	8832286	551.682815602	0.479002543
39	8836233	552.029859504	0.347043902
39	8857283	553.734938785	1.705079281
39	8857591	553.751934222	0.016995437
39	8858170	553.816031765	0.064097543
39	8863360	554.407999522	0.591967757
39	8886795	555.899772947	1.491773425
39	8886825	555.903586371	0.003813424
39	8887238	555.940920884	0.037334513
39	8896374	556.727677368	0.786756484
39	8910298	557.80877706	1.081099692
39	8912573	558.058616621	0.249839561
39	9018806	563.699493057	5.640876436
39	9040849	564.633271214	0.933778157
39	9084855	566.811770065	2.178498851
39	9105167	568.059642069	1.247872004
39	9148088	570.340003194	2.280361125
39	9183707	572.086542484	1.74653929
39	9192795	572.600644756	0.514102272
39	9194658	572.836427619	0.235782863
39	9220034	574.699047942	1.862620323
39	9232734	575.744161147	1.045113205
39	9276582	579.043545246	3.299384099
39	9290478	579.838922535	0.795377289
39	9343465	583.2366682	3.397745665
39	9353443	583.928670924	0.692002724
39	9431420	588.571380265	4.642709341
39	9436530	588.924388891	0.353008626
39	9441033	589.334640965	0.410252074
39	9450471	590.164208709	0.829567744
39	9455538	590.688762402	0.524553693
39	9459599	591.201355919	0.512593517
39	9504617	593.585211525	2.383855606
39	9523412	594.580251314	0.995039789
39	9561533	597.005200869	2.424949555
39	9579297	597.61386309	0.608662221
39	9583836	597.947224103	0.333361013
39	9617768	599.430901056	1.483676953
39	9620449	599.65995097	0.229049914
39	9632499	600.118526019	0.458575049
39	9715816	604.068640747	3.950114728
39	9853917	612.149117697	8.08047695
39	9869211	612.799041003	0.649923306
39	9887191	614.689111379	1.890070376
39	9896058	615.672876616	0.983765237
39	9935355	619.004909972	3.332033356
39	9952566	620.637229413	1.632319441
39	9965453	621.96438605	1.327156637
39	9971335	622.333468258	0.369082208
39	10003577	624.877209096	2.543740838
39	10018206	626.410955878	1.533746782
39	10018409	626.426572584	0.015616706
39	10033917	628.236143042	1.809570458
39	10063692	630.704070356	2.467927314
39	10077637	631.918014911	1.213944555
39	10081850	632.184563249	0.266548338
39	10118858	634.356976688	2.172413439
39	10132364	634.866212153	0.509235465
39	10140469	635.586299761	0.720087608
39	10141352	635.660707063	0.074407302
39	10184787	637.907027698	2.246320635
39	10210607	639.119167674	1.212139976
39	10222627	639.865980891	0.746813217
39	10269258	642.808941701	2.94296081
39	10280182	643.374048933	0.565107232
39	10281299	643.501479308	0.127430375
39	10284619	643.863209565	0.361730257
39	10301880	644.783816427	0.920606862
39	10355068	647.217660489	2.433844062
39	10387874	648.043399031	0.825738542
39	10446016	650.407125188	2.363726157
39	10456560	650.719437565	0.312312377
39	10470043	651.39921461	0.679777045
39	10496696	652.721151212	1.321936602
39	10547484	655.792270029	3.071118817
39	10552851	655.971384863	0.179114834
39	10568176	657.025604385	1.054219522
39	10572326	657.442493489	0.416889104
39	10596670	658.989000689	1.5465072
39	10614154	660.007655429	1.01865474
39	10644945	661.475089923	1.467434494
39	10712681	667.186009902	5.710919979
39	10755126	669.75687739	2.570867488
39	10772928	671.508156672	1.751279282
39	10778540	672.163325509	0.655168837
39	10785352	672.957142322	0.793816813
39	10830047	676.304885799	3.347743477
39	10876790	679.526887352	3.222001553
39	10887810	680.367266501	0.840379149
39	10889091	680.547617553	0.180351052
39	10988175	686.591204307	6.043586754
39	11007388	687.070577939	0.479373632
39	11014919	687.58883961	0.518261671
39	11022986	688.177697767	0.588858157
39	11039306	689.071145943	0.893448176
39	11048672	690.04953515	0.978389207
39	11053485	690.381655521	0.332120371
39	11054482	690.531734656	0.150079135
39	11079430	692.763196055	2.231461399
39	11091581	693.802772118	1.039576063
39	11113133	695.957605759	2.154833641
39	11121899	697.095870634	1.138264875
39	11123040	697.254449682	0.158579048
39	11146798	699.034369467	1.779919785
39	11167121	700.117944781	1.083575314
39	11179916	700.98168999	0.863745209
39	11283269	707.249793452	6.268103462
39	11302826	708.328002764	1.078209312
39	11332360	709.373613295	1.045610531
39	11383079	711.320002687	1.946389392
39	11390751	711.897690605	0.577687918
39	11393240	712.128803654	0.231113049
39	11420984	713.527141867	1.398338213
39	11435239	714.500156973	0.973015106
39	11451097	715.886820834	1.386663861
39	11463513	716.57876866	0.691947826
39	11485746	718.08773962	1.50897096
39	11486652	718.187335852	0.099596232
39	11495620	718.600671163	0.413335311
39	11501445	718.917378128	0.316706965
39	11508617	719.449965493	0.532587365
39	11558589	722.353607404	2.903641911
39	11568769	723.183518309	0.829910905
39	11575933	723.329759719	0.14624141
39	11593886	724.548336331	1.218576612
39	11595776	724.709259153	0.160922822
39	11597366	724.882257419	0.172998266
39	11599196	725.088623638	0.206366219
39	11629919	727.226734948	2.13811131
39	11644617	727.940775993	0.714041045
39	11651668	728.423143463	0.48236747
39	11653598	728.649161961	0.226018498
39	11665129	729.655238695	1.006076734
39	11680599	731.335447083	1.680208388
39	11687035	732.000435018	0.664987935
39	11691186	732.58556896	0.585133942
39	11693243	732.831835385	0.246266425
39	11701365	733.672483624	0.840648239
39	11722374	734.467201998	0.794718374
39	11743473	736.074887839	1.607685841
39	11766105	738.276734397	2.201846558
39	11767227	738.431878934	0.155144537
39	11768816	738.580463341	0.148584407
39	11783544	740.391544547	1.811081206
39	11788888	741.215731502	0.824186955
39	11807801	742.191813751	0.976082249
39	11831100	744.24422299	2.052409239
39	11845856	745.066955828	0.822732838
39	11860094	746.179470686	1.112514858
39	11886248	748.04361703	1.864146344
39	11896351	748.984480911	0.940863881
39	11910746	749.475575833	0.491094922
39	11948619	752.119735059	2.644159226
39	11953190	752.453133591	0.333398532
39	11954339	752.473654022	0.020520431
39	11972766	753.751267223	1.277613201
39	11984422	754.461516261	0.710249038
39	12031989	758.561949297	4.100433036
39	12034220	758.753443964	0.191494667
39	12112283	763.369054657	4.615610693
39	12148164	765.744884041	2.375829384
39	12150247	765.931394729	0.186510688
39	12169689	766.943698181	1.012303452
39	12174280	767.205518732	0.261820551
39	12201204	768.39099999	1.185481258
39	12229953	769.796091718	1.405091728
39	12263452	770.738565722	0.942474004
39	12279456	771.87111753	1.132551808
39	12298455	773.068266465	1.197148935
39	12411434	780.130626342	7.062359877
39	12434791	782.022079228	1.891452886
39	12444865	783.073780575	1.051701347
39	12465348	784.112960469	1.039179894
39	12481638	784.926079396	0.813118927
39	12590538	789.479430748	4.553351352
39	12618765	790.726847493	1.247416745
39	12626009	791.168004968	0.441157475
39	12650463	792.613483305	1.445478337
39	12685501	794.146368959	1.532885654
39	12710094	795.462186098	1.315817139
39	12719965	796.173835171	0.711649073
39	12721869	796.278166394	0.104331223
39	12741147	797.602523826	1.324357432
39	12828799	803.770220674	6.167696848
39	12876319	807.125337896	3.355117222
39	12882282	807.470405971	0.345068075
39	12884588	807.705414519	0.235008548
39	12941445	810.275481681	2.570067162
39	12988504	812.901957094	2.626475413
39	13021782	815.200093939	2.298136845
39	13040273	815.84535993	0.645265991
39	13042463	815.959084355	0.113724425
39	13047740	816.37096605	0.411881695
39	13051896	816.639444562	0.268478512
39	13057885	816.833205065	0.193760503
39	13119548	819.793327785	2.96012272
39	13147170	821.957026365	2.16369858
39	13160051	822.769547374	0.812521009
39	13241232	827.584319606	4.814772232
39	13275571	829.17274183	1.588422224
39	13303005	830.276587114	1.103845284
39	13357213	833.045822392	2.769235278
39	13372506	833.772232102	0.72640971
39	13379921	834.229849198	0.457617096
39	13387502	834.929038601	0.699189403
39	13428266	837.722937523	2.793898922
39	13512251	842.573209043	4.85027152
39	13598041	845.617254685	3.044045642
39	13631339	847.045037213	1.427782528
39	13634605	847.349410152	0.304372939
39	13638774	847.76659858	0.417188428
39	13665264	849.898428747	2.131830167
39	13783735	856.574021121	6.675592374
39	13785686	856.791847142	0.217826021
39	13801856	857.819122797	1.027275655
39	13808303	858.4557242	0.636601403
39	13835152	860.488039954	2.032315754
39	13859525	862.237327616	1.749287662
39	13888239	864.052971878	1.815644262
39	13934803	867.034152659	2.981180781
39	13964928	868.798861724	1.764709065
39	13984088	870.333274233	1.534412509
39	14000756	871.319307898	0.986033665
39	14002694	871.575108158	0.25580026
39	14014765	871.955845946	0.380737788
39	14050531	873.441072725	1.485226779
39	14074357	874.829597543	1.388524818
39	14145498	881.607271224	6.777673681
39	14149309	881.979067292	0.371796068
39	14163995	883.484918076	1.505850784
39	14172279	884.452457491	0.967539415
39	14173168	884.567860594	0.115403103
39	14185747	886.220421445	1.652560851
39	14194059	887.361841127	1.141419682
39	14214451	888.53774136	1.175900233
39	14225702	889.481679196	0.943937836
39	14236094	890.219696421	0.738017225
39	14245308	890.523030206	0.303333785
39	14249666	890.96410784	0.441077634
39	14270709	892.69612519	1.73201735
39	14292348	894.734404087	2.038278897
39	14319539	897.710379284	2.975975197
39	14360411	899.65247578	1.942096496
39	14390896	901.297845695	1.645369915
39	14476947	905.857480883	4.559635188
39	14499341	907.324650576	1.467169693
39	14515168	908.02249938	0.697848804
39	14566935	911.483110613	3.460611233
39	14577077	911.789498295	0.306387682
39	14590718	912.586303032	0.796804737
39	14612271	914.245442663	1.659139631
39	14633896	915.812872854	1.567430191
39	14646630	916.424821802	0.611948948
39	14655320	916.844740925	0.419919123
39	14674175	917.593236325	0.7484954
39	14674327	917.606514984	0.013278659
39	14682956	918.297719891	0.691204907
39	14717836	920.094155461	1.79643557
39	14745600	921.297158949	1.203003488
39	14755376	922.083489228	0.786330279
39	14784097	924.189260718	2.10577149
39	14803909	925.0398228	0.850562082
39	14851841	927.534879356	2.495056556
39	14867206	928.457628813	0.922749457
39	14923310	931.539233507	3.081604694
39	14923844	931.582723294	0.043489787
39	14936732	932.221334088	0.638610794
39	14941221	932.576420159	0.355086071
39	14952039	933.123586665	0.547166506
39	14990316	935.958680824	2.835094159
39	15039336	938.188887131	2.230206307
39	15077094	939.547236402	1.358349271
39	15120261	941.472639587	1.925403185
39	15147098	943.304695369	1.832055782
39	15148208	943.381232005	0.076536636
39	15160479	943.670343712	0.289111707
39	15210379	945.793847072	2.12350336
39	15226520	946.627242154	0.833395082
39	15251208	948.130133049	1.502890895
39	15265094	948.808747337	0.678614288
39	15300091	950.254752373	1.446005036
39	15322672	950.906005697	0.651253324
39	15336892	951.279393309	0.373387612
39	15355513	952.1994589	0.920065591
39	15381200	953.463204296	1.263745396
39	15405549	954.735149784	1.271945488
39	15421737	955.540744924	0.80559514
39	15485257	959.355520344	3.81477542
39	15485783	959.409007405	0.053487061
39	15492898	960.03993245	0.630925045
39	15524793	961.279694221	1.239761771
39	15528291	961.456840457	0.177146236
39	15534985	962.007554488	0.550714031
39	15559883	963.714933182	1.707378694
39	15584075	965.567574904	1.852641722
39	15586344	965.734673141	0.167098237
39	15591448	966.136197701	0.40152456
39	15612009	966.878076062	0.741878361
39	15615798	967.06288792	0.184811858
39	15621201	967.422122178	0.359234258
39	15669495	970.410038053	2.987915875
39	15673987	970.597380485	0.187342432
39	15677554	970.812453307	0.215072822
39	15694364	972.299607167	1.48715386
39	15704353	973.026474598	0.726867431
39	15811047	977.867292921	4.840818323
39	15852482	979.42337233	1.556079409
39	15928480	982.310528595	2.887156265
39	16042690	987.506283214	5.195754619
39	16054380	988.404565275	0.898282061
39	16068166	989.125465755	0.72090048
39	16093915	990.511840317	1.386374562
39	16122556	992.555923026	2.044082709
39	16125029	992.723128905	0.167205879
39	16271764	1000.239887223	7.516758318
39	16280247	1000.921022145	0.681134922
39	16282441	1001.168777659	0.247755514
39	16285788	1001.57484051	0.406062851
39	16291394	1002.061840003	0.486999493
39	16333474	1005.094216392	3.032376389
39	16354958	1005.910466914	0.816250522
39	16436941	1010.801581073	4.891114159
39	16597914	1021.059734484	10.258153411
39	16599604	1021.297692291	0.237957807
39	16602538	1021.4570466	0.159354309
39	16610413	1021.690639664	0.233593064
39	16668539	1025.311500256	3.620860592
39	16694688	1026.906643313	1.595143057
39	16721828	1028.227241201	1.320597888
39	16758358	1030.466020654	2.238779453
39	16780421	1032.085460901	1.619440247
39	16806909	1034.257907018	2.172446117
39	16816346	1034.90976757	0.651860552
39	16818073	1034.946491684	0.036724114
39	16921410	1040.158894638	5.212402954
39	16924077	1040.264068907	0.105174269
39	16945152	1041.299923598	1.035854691
39	16976218	1043.315849511	2.015925913
39	16978554	1043.42898679	0.113137279
39	16982931	1043.632969419	0.203982629
39	16997792	1044.527723597	0.894754178
39	17035211	1047.52708638	2.999362783
39	17040259	1047.933850422	0.406764042
39	17064088	1049.516076439	1.582226017
39	17097148	1051.041463312	1.525386873
39	17127953	1052.315036203	1.273572891
39	17241276	1059.263421468	6.948385265
39	17271706	1061.703880252	2.440458784
39	17282444	1062.281925468	0.578045216
39	17294673	1062.622120806	0.340195338
39	17303143	1063.048067784	0.425946978
39	17350262	1065.775086507	2.727018723
39	17363485	1066.769035094	0.993948587
39	17372248	1067.274868353	0.505833259
39	17372491	1067.293369223	0.01850087
39	17384238	1068.493990547	1.200621324
39	17388048	1068.844005198	0.350014651
39	17469055	1074.620198644	5.776193446
39	17471049	1074.944593722	0.324395078
39	17498106	1076.607470922	1.6628772
39	17508154	1077.544073695	0.936602773
39	17549272	1081.280139923	3.736066228
39	17554030	1081.811529617	0.531389694
39	17556360	1082.039174353	0.227644736
39	17587567	1085.785410534	3.746236181
39	17598152	1086.643988382	0.858577848
39	17612438	1087.559874158	0.915885776
39	17647488	1089.687645763	2.127771605
39	17691634	1092.393696879	2.706051116
39	17702552	1093.181290979	0.7875941
39	17719938	1094.180846375	0.999555396
39	17731439	1095.314515102	1.133668727
39	17737870	1095.934344926	0.619829824
39	17740174	1096.168836479	0.234491553
39	17740615	1096.225294334	0.056457855
39	17746357	1096.750973942	0.525679608
39	17787472	1099.383810419	2.632836477
39	17795292	1099.509264349	0.12545393
39	17809814	1099.93902115	0.429756801
39	17828092	1101.232165331	1.293144181
39	17873028	1103.372131306	2.139965975
39	17902163	1105.309153683	1.937022377
39	17946807	1108.858432404	3.549278721
39	17948794	1109.290749199	0.432316795
39	18004094	1112.540459608	3.249710409
39	18037101	1114.315391499	1.774931891
39	18055885	1116.295210396	1.979818897
39	18121901	1119.529264749	3.234054353
39	18131507	1120.234134316	0.704869567
39	18159410	1122.217684567	1.983550251
39	18167256	1123.093729048	0.876044481
39	18174203	1123.718851184	0.625122136
39	18191675	1125.049181419	1.330330235
39	18249870	1129.969039573	4.919858154
39	18309804	1133.663297792	3.694258219
39	18365505	1137.173439075	3.510141283
39	18392858	1138.997996702	1.824557627
39	18406401	1139.68371755	0.685720848
39	18453659	1142.605596771	2.921879221
39	18491603	1144.524808577	1.919211806
39	18492640	1144.621545557	0.09673698
39	18496906	1144.998883792	0.377338235
39	18500061	1145.379267065	0.380383273
39	18512176	1146.302225645	0.92295858
39	18523079	1146.933435423	0.631209778
40	2943285	151.293688625	2805.392170487
40	2966773	152.959913406	1116.569618273
40	3017741	156.79852947	309.708969307
40	3019924	157.019838936	665.685575583
40	3020385	157.104197936	1274.687584873
40	3086516	162.718724577	619.486794155
40	3093504	163.474070774	282.295892816
40	3109841	165.146241638	1112.697359387
40	3157094	168.402790772	605.350653192
40	3157218	168.43027205	88.336503094
40	3219001	172.881058437	3148.546469628
40	3220451	173.017105094	1248.782294329
40	3224028	173.286986438	521.239900914
40	3236433	174.603617637	256.637302961
40	3256447	175.439328767	131.292596155
40	3289519	176.830326573	51.719313784
40	3325352	178.794505987	62.154145939
40	3331164	179.262973377	381.057800988
40	3332511	179.385209116	523.792488651
40	3336190	179.814121678	238.94898808
40	3378203	182.40481114	749.020010662
40	3389307	183.557153735	160.991713951
40	3408538	185.538613542	2890.947656259
40	3419063	187.039082629	972.959801163
40	3454617	189.963913191	1066.864941555
40	3469732	191.807790382	626.962430292
40	3472856	191.985046323	300.485876837
40	3492054	192.935843272	412.228365437
40	3558536	197.109196567	532.390960406
40	3561646	197.469392208	98.769751324
40	3577807	198.548025113	754.640862018
40	3585657	199.268462816	202.5243902
40	3595069	199.812020834	366.391792225
40	3646673	203.783543703	367.116229244
40	3652476	203.951949684	330.68470035
40	3725160	208.31865101	892.466759524
40	3731238	208.809201357	19.314945611
40	3765243	212.674719343	1336.947312276
40	3768067	212.992704447	1307.794045175
40	3782448	214.549798626	37.60735119
40	3810205	216.109293156	1581.254723651
40	3811165	216.314355605	279.919199251
40	3825247	216.829476717	114.304904784
40	3837297	218.11858063	2055.5449536
40	3856983	219.136142711	728.085191377
40	3860107	219.440191186	591.733643985
40	3864295	219.858029133	202.694649273
40	3897587	221.934515085	1133.038847093
40	3939865	224.930145373	1124.364420227
40	3942350	225.301113539	677.060727588
40	3945394	225.781104995	379.907657407
40	3961261	226.875992639	2213.20609071
40	3981075	228.637316027	677.326791813
40	3981703	228.708868921	508.644738483
40	3998136	229.840573993	427.968367708
40	4040282	231.818715372	219.864322405
40	4049739	232.477106206	573.690898762
40	4080960	234.152631671	109.996771937
40	4129963	240.035261162	387.763779841
40	4141356	241.275813937	1169.703754011
40	4152751	242.190507228	42.909720397
40	4171746	243.137837479	366.442413835
40	4183380	244.362121321	29.782116634
40	4211921	245.888411512	105.497442034
40	4218255	246.347068534	1727.786575282
40	4218612	246.38007103	1804.383419336
40	4232725	247.482164622	867.456856528
40	4269305	249.239562597	1168.755274583
40	4294181	250.656276944	928.918290221
40	4311885	252.223621621	59.625808674
40	4324037	252.885608688	64.633735661
40	4331245	253.318522644	1141.625601381
40	4339820	254.28237423	113.071003875
40	4350789	254.777522247	1206.627357789
40	4362900	255.152333136	659.500142644
40	4441257	258.794179576	481.088077843
40	4474323	261.228053435	742.89741232
40	4487647	262.045351152	706.417853144
40	4488472	262.151241303	391.967926371
40	4510810	263.777072747	668.067668178
40	4547289	265.808801873	1445.079582359
40	4560805	266.829932458	1346.16177101
40	4564534	267.183021617	966.091653155
40	4610957	270.265152921	75.045414184
40	4616077	270.837980904	91.385676867
40	4631508	271.657495425	80.809109708
40	4647065	272.533377821	1360.985361168
40	4650694	273.020055585	828.623932797
40	4651332	273.111417422	685.55892629
40	4661994	273.853072517	258.67246583
40	4666967	274.671367132	107.684395218
40	4670836	275.071595386	432.691600669
40	4698746	276.413640705	847.444791699
40	4783570	278.821032494	351.851844122
40	4840040	282.411120947	1499.709636069
40	4852337	283.238330517	63.479349499
40	4870089	284.549100081	420.500435069
40	4877081	285.255205702	1161.767930719
40	4910787	287.40829336	36.119905106
40	4935789	289.115972912	607.86309438
40	4941826	289.591467865	340.097643514
40	4982133	293.055127988	279.753649072
40	4989741	293.653406784	293.947237972
40	5013160	296.058881404	343.818327692
40	5037091	297.307636248	353.353070815
40	5071554	299.316099195	811.618245731
40	5104071	301.714172299	372.27482839
40	5116746	303.040863503	452.350681044
40	5117584	303.126152286	1046.64056386
40	5120941	303.307843881	1048.638645387
40	5124371	303.623814919	1892.45663906
40	5124387	303.625080494	244.418835749
40	5139314	304.544461265	264.2715705
40	5181822	306.54434045	1969.065925631
40	5214169	307.535945859	694.970337355
40	5280857	311.076980052	1362.620603854
40	5328034	313.799297138	491.927550355
40	5335441	314.205044243	1227.495173658
40	5343572	314.725643778	429.929594917
40	5394970	318.272261878	373.032623921
40	5409015	319.507157823	1975.166351669
40	5409596	319.554652195	1237.291606764
40	5423386	320.440290814	905.438317506
40	5435399	321.108639557	251.949977064
40	5477352	323.752334469	603.833968563
40	5490489	324.542923082	145.088427502
40	5560895	331.366005276	3213.125811601
40	5574016	332.118849254	53.043480067
40	5624384	335.348472045	18.069082317
40	5645970	337.258006657	266.666382234
40	5653733	338.350429057	566.869267364
40	5679339	341.692670361	85.42404394
40	5753335	348.324485477	333.861524425
40	5766961	350.122117677	1545.433859808
40	5767123	350.138463922	981.120012543
40	5771284	350.524000521	181.68444106
40	5829845	354.665025364	1580.750516368
40	5852337	356.679531296	1073.265531995
40	5865312	357.917026993	354.337422689
40	5872006	358.241969538	848.09450074
40	5893995	359.902165869	799.622642708
40	5909191	360.434324089	1050.623525156
40	5911975	360.675872042	1181.845614799
40	5918003	361.178706013	49.045179028
40	6008652	365.396658483	233.532012441
40	6044274	367.985132118	389.206681633
40	6046660	368.238913212	429.834867363
40	6075384	370.07958751	1.205417234
40	6115930	372.782374818	412.0137169
40	6125765	373.614070437	100.665780982
40	6129014	373.881960717	412.989156813
40	6137789	374.341599641	229.993041324
40	6153507	374.902870487	599.452649857
40	6201447	377.669252419	1834.511628351
40	6238315	379.143419048	713.400654647
40	6246859	379.592685941	130.22999862
40	6264872	380.802475252	895.463642645
40	6313525	383.152869069	442.122612612
40	6329135	384.428700161	460.847886953
40	6351188	385.841977559	725.383316775
40	6363554	386.569126924	232.499513823
40	6367374	386.827478947	1131.533289594
40	6375793	387.34510152	3288.835417731
40	6422100	390.54375351	318.259018608
40	6422312	390.567417483	32.753277551
40	6422765	390.600222396	1656.218376197
40	6424536	390.682337553	2102.152468168
40	6430436	390.960220098	56.558127173
40	6447623	391.922364517	1797.297782365
40	6545555	396.702446181	191.133981438
40	6611036	402.730446658	479.303706001
40	6635062	404.902655825	321.417346862
40	6638654	405.208844787	885.809728017
40	6642437	405.546444307	1046.503480958
40	6683910	408.653528673	47.055059496
40	6730188	412.444238734	202.674287285
40	6742522	413.934742077	353.538911945
40	6744444	414.055919881	290.015226062
40	6753116	415.185075579	492.511049611
40	6756212	415.743741819	1280.076462364
40	6760138	416.165014278	249.24211091
40	6761341	416.346843513	1555.141078926
40	6769176	416.909523163	633.036968521
40	6816454	419.178969498	1813.401465315
40	6821757	419.501847649	1320.653878133
40	6859628	420.792108786	280.799095521
40	6883514	422.549466676	644.765569527
40	6898478	423.150978132	448.423042989
40	6909507	424.361593363	146.541993008
40	6912817	424.506626615	45.343876656
40	6975079	428.190524124	218.994039125
40	7002769	430.054231627	528.327000378
40	7033848	432.591900824	71.390498491
40	7041698	433.504773716	298.073994944
40	7047763	434.243611069	87.708544337
40	7048641	434.361631082	1492.159831795
40	7066956	436.013517591	10.815054988
40	7101780	437.916658292	399.852889082
40	7143108	440.823297631	157.413370569
40	7144748	441.088384901	1886.10050699
40	7163093	441.772096167	64.135843382
40	7222382	445.699106096	116.325911574
40	7231389	446.593808622	49.559993675
40	7234530	447.095652887	635.197716336
40	7246112	447.891051319	741.233228494
40	7262529	448.876409321	263.219461313
40	7281890	450.330140099	128.369352958
40	7311804	451.465532398	29.872753683
40	7312293	451.522380185	32.92282306
40	7323065	452.691576715	11.494607834
40	7341645	453.553570198	1220.91615691
40	7349006	454.082207398	642.197932525
40	7374935	455.653148245	339.477478097
40	7442903	459.975340834	0.196297443
40	7457847	461.19532713	1705.151856709
40	7460510	461.291898646	1982.463929728
40	7480519	463.076543838	130.967001408
40	7496300	464.660922933	66.899965918
40	7511298	464.971395122	365.987689233
40	7514209	465.101852142	779.685821953
40	7516877	465.214100752	282.617734633
40	7524082	465.623570902	2518.287780701
40	7558842	467.046488786	453.810992097
40	7592503	468.91792186	274.022854133
40	7649396	472.803751763	1285.625261461
40	7658604	473.729035067	4091.30361283
40	7673266	475.341500459	288.642980452
40	7683289	475.762860043	1336.887488085
40	7686860	475.950599595	91.079259909
40	7691706	476.317221873	80.083496668
40	7739613	478.703797374	639.668333932
40	7758075	479.791090682	845.230877404
40	7767862	480.536467094	363.636274736
40	7783217	481.702921879	596.345145905
40	7785382	481.830172476	836.163973144
40	7787760	482.015769758	44.88624245
40	7816542	483.612950795	187.179319234
40	7818560	483.796017933	738.799804455
40	7882700	487.24502095	795.706609023
40	7921903	490.82699612	104.011926415
40	7970147	493.975983823	901.327085109
40	7996730	495.625020538	486.253055524
40	8020492	498.079520233	18.457994443
40	8031839	499.150645861	655.533071689
40	8035677	499.617685849	353.105251674
40	8060619	501.84255871	1155.807416876
40	8069697	502.652874697	18.058168776
40	8075271	503.211599984	2908.901255781
40	8099037	504.120724678	430.973430783
40	8099335	504.139738415	345.789300186
40	8164654	506.348323756	62.386615029
40	8181314	506.962468773	138.741601583
40	8201376	508.11347694	458.165916369
40	8238575	509.976246291	929.006843982
40	8241263	510.238471388	47.960450715
40	8274081	512.113696908	17.432732436
40	8308182	514.441463625	429.016165188
40	8361352	518.701970104	838.747132939
40	8368412	519.539398061	714.017581377
40	8430162	524.552125843	235.514829985
40	8449776	525.964666267	1381.404187584
40	8508642	531.08651332	1681.649117638
40	8511446	531.276558462	9.23520287
40	8556810	534.575883133	1718.595138742
40	8565196	535.174007494	840.091867162
40	8583139	536.799689165	125.417971324
40	8595803	538.310754516	551.633839206
40	8600084	538.756205438	401.283617362
40	8605977	538.919909298	19.662491507
40	8616984	539.842411226	785.092856658
40	8676799	543.13928385	69.47457924
40	8700457	544.353398275	182.54429233
40	8729666	546.153845719	1608.293943435
40	8734619	546.284482534	894.284895414
40	8782621	549.348259661	565.161004688
40	8807199	550.536855503	1153.585698349
40	8832279	551.682815602	1.957359353
40	8856201	553.641657293	783.639756149
40	8856241	553.662250088	118.780243401
40	8856268	553.66807904	99.238948658
40	8891336	556.241576887	178.208388606
40	8893142	556.405140787	47.166239478
40	8911835	557.961591159	209.491542432
40	8946119	559.496658855	1540.88376464
40	8959652	560.211346051	811.064111743
40	8972749	560.920814722	1485.852230761
40	8980860	561.701656563	916.076863363
40	8990854	562.560009507	96.303200058
40	8993004	562.836052456	1396.35098723
40	9041170	564.663926548	2009.872468728
40	9049487	565.129235052	266.703970013
40	9066049	566.254576005	367.043143886
40	9082234	566.676806496	1143.808143684
40	9098735	567.538142202	1686.34959778
40	9130337	569.405398969	335.076280227
40	9131440	569.438509533	260.761584406
40	9226147	575.193582628	274.03626657
40	9254511	577.47989985	1112.311380886
40	9265439	578.755503889	633.666311862
40	9284584	579.401648483	1484.328921035
40	9294671	580.333497286	390.207247638
40	9340247	582.985477784	378.64176437
40	9341232	583.079263686	1316.998183971
40	9353599	583.935477743	183.184257316
40	9356937	584.212788186	65.653423967
40	9431392	588.570837033	2494.629599137
40	9452479	590.430162578	388.284770604
40	9462066	591.431504172	35.717613525
40	9466013	591.84856353	20.156637339
40	9509430	593.766683282	157.308204557
40	9516388	594.193698502	380.846233948
40	9534680	595.301461693	368.507285644
40	9535169	595.325117953	352.251302206
40	9547268	596.315513875	2811.96031704
40	9583829	597.947224103	8.058894977
40	9596855	598.427045176	1004.572603598
40	9618137	599.475067891	744.96230592
40	9623960	599.817808938	2370.479704943
40	9691852	602.942770255	1857.661780597
40	9712763	603.858061502	740.022821511
40	9735250	605.211065695	205.251120403
40	9747057	606.013470711	370.443369746
40	9779322	608.502167227	97.029567429
40	9788061	608.76314678	804.705148422
40	9799116	609.590178521	199.556190438
40	9911770	616.685418868	772.29092676
40	9917437	617.131349034	635.314150013
40	9954355	620.813843465	1940.47704636
40	10023735	627.105994911	237.792433836
40	10041122	628.998106512	1416.367707425
40	10054392	629.986912495	181.291253899
40	10064605	630.816307571	1003.122800963
40	10065148	630.854902301	734.933926634
40	10082781	632.293101429	1207.579486354
40	10094426	632.858516438	309.676362918
40	10100533	633.35052659	476.963988512
40	10152194	636.244380688	1577.657938866
40	10191449	638.075232516	886.104468662
40	10234988	640.427313808	891.489176655
40	10247432	641.238937984	788.943252933
40	10248309	641.319226597	97.010533122
40	10251047	641.521607668	963.699398985
40	10251813	641.575291527	623.600293705
40	10270481	642.93895937	44.224366139
40	10281292	643.501479308	3.779663367
40	10292487	644.46151881	616.776037409
40	10318796	645.425400675	793.7355686
40	10322492	645.706549228	1160.43858951
40	10325591	645.989375482	40.51878119
40	10345276	646.698549228	580.488823728
40	10383082	647.84741351	1995.637474737
40	10384280	647.895133473	1495.5098625
40	10412774	648.744888106	283.861626878
40	10437529	649.903089714	566.665109318
40	10449677	650.482242782	103.098220559
40	10476615	651.859085169	1215.731951622
40	10527120	654.529246197	2611.157302723
40	10569337	657.157632172	319.849922316
40	10598295	659.120484289	3040.139169504
40	10606284	659.417527658	494.580469044
40	10689104	665.280042934	244.454361153
40	10700760	666.116614861	370.574024803
40	10705227	666.560729566	2222.990859149
40	10753246	669.586012001	112.35768618
40	10767896	670.956514592	412.537475955
40	10827341	676.013014757	107.377985233
40	10888683	680.499963909	791.241449758
40	10891015	680.72275827	664.922689957
40	10901932	681.693234744	1499.15935602
40	10905897	682.184945726	622.743883608
40	10907341	682.32507143	492.322601575
40	10918077	682.856946041	362.609074613
40	10919471	682.935010423	39.314783029
40	10950695	684.626290776	2187.768986122
40	11083685	693.250722029	1322.636725945
40	11101400	695.225148611	15.732457148
40	11121418	697.019306283	249.563417011
40	11124777	697.408737828	617.257401432
40	11132527	697.959058696	1437.926990863
40	11138392	698.666121894	989.517453226
40	11161352	699.889078711	2335.288736435
40	11168794	700.228951453	1229.729750715
40	11206118	702.570265168	70.991684129
40	11257392	705.538839575	1416.203103926
40	11258865	705.594613722	2554.559932543
40	11272002	706.3916632	528.24384514
40	11274904	706.637601624	1946.315323911
40	11275284	706.674304677	755.194602969
40	11283677	707.305479088	427.928655228
40	11328086	709.132802861	510.851638097
40	11425360	713.878845928	55.582670333
40	11434831	714.475280492	1121.874976804
40	11448380	715.610995209	526.550297498
40	11487251	718.202063251	568.088420568
40	11508887	719.4750189	28.11055006
40	11516245	720.298606829	23.124536634
40	11539818	721.463738487	1056.469542721
40	11581784	723.611780881	151.876259073
40	11591054	724.251395316	136.365859369
40	11593879	724.548336331	10.837802645
40	11595769	724.709259153	9.773242178
40	11612499	725.58762967	187.122749614
40	11646059	728.025818143	744.187145533
40	11697449	733.48810635	139.331016447
40	11767594	738.491344552	1963.038948128
40	11790109	741.371690956	1729.465367226
40	11791434	741.399629541	71.202894285
40	11848801	745.186207121	112.387001922
40	11852179	745.332378831	460.716942701
40	11853948	745.545947351	774.718174529
40	11873205	746.985562598	1690.07574778
40	11883407	747.67578799	288.383946494
40	11885141	747.886770924	363.282065555
40	11934295	751.355442751	110.993967401
40	11949948	752.37830896	474.874166522
40	11960514	752.776580506	387.272600913
40	12017055	757.043969252	1529.880849391
40	12038586	759.100835498	180.08842522
40	12046821	759.974052568	323.86995263
40	12125971	764.374678797	1046.931875376
40	12131711	764.795740957	251.373036702
40	12131910	764.821719085	612.014703767
40	12147568	765.691091053	121.264754893
40	12150240	765.931394729	7.136978482
40	12164545	766.676636345	292.851087252
40	12193693	768.032964762	586.254737822
40	12196355	768.185148316	281.724619254
40	12217610	768.933205043	62.437761007
40	12299813	773.169683181	341.214127238
40	12330986	775.755579288	981.864572006
40	12395237	778.876511185	283.650575195
40	12429496	781.647235589	1972.348191561
40	12443203	782.880523865	3361.420063883
40	12454226	783.405853859	382.150178639
40	12463277	783.894769377	725.141062933
40	12465515	784.124147261	50.669180524
40	12471061	784.600010171	1647.463139465
40	12513990	785.992132079	851.539044454
40	12578237	788.685156621	1257.81777161
40	12581656	788.908187578	38.993769516
40	12625954	791.162287909	429.701044415
40	12640607	792.216374595	1186.545703284
40	12676582	793.794529599	1136.871109023
40	12716862	796.034562703	126.987936677
40	12741688	797.66668124	782.345472392
40	12769808	799.753295437	1083.723287784
40	12801256	801.710234104	186.316240494
40	12874121	806.959925764	1414.548043219
40	12874208	806.970894063	2293.423623223
40	12874961	807.041480098	1589.747227526
40	12882275	807.470405971	0.712546328
40	12915082	809.071596198	572.251156622
40	12933033	809.732836969	623.442517249
40	12973512	811.78386236	19.855582202
40	12986918	812.734839351	157.000310433
40	13000144	813.640429458	860.146878736
40	13010773	814.570526819	628.242424546
40	13014541	814.873677781	131.665555726
40	13050366	816.547762782	165.874359396
40	13058295	816.847474342	60.389853274
40	13147163	821.957026365	10.295432911
40	13171101	823.552069957	150.856937448
40	13210881	825.80226276	839.919136778
40	13221595	826.439393656	59.879914242
40	13228345	827.031769536	739.479570055
40	13232022	827.267689344	853.275428403
40	13233825	827.34392195	863.412577364
40	13262937	828.615175505	515.621901978
40	13295632	830.025175613	55.30809862
40	13297225	830.103852992	1679.049493985
40	13329459	831.529635844	963.063024514
40	13332725	831.803051649	1323.781893713
40	13352163	832.54846912	759.397744831
40	13380037	834.245626464	39.210097736
40	13442892	838.834611689	625.077040641
40	13456379	839.860913166	365.457550958
40	13477870	841.106089419	838.190430713
40	13498766	842.083525918	223.957937394
40	13499531	842.151851029	1566.127235556
40	13501125	842.243202911	44.331905247
40	13510278	842.501026891	729.416864483
40	13516209	842.737429849	94.346059379
40	13527156	843.015791779	268.735182163
40	13573283	844.647230148	181.154350925
40	13612222	846.386728365	169.53429378
40	13642583	848.153900547	1082.028670003
40	13654614	848.76354647	1743.784043583
40	13667689	850.037922022	1898.616585367
40	13685675	851.05658265	189.254917606
40	13703118	852.47967005	979.413397958
40	13750710	855.307259144	352.096460253
40	13789789	857.074343595	549.397154026
40	13813673	858.802622069	2037.568269709
40	13823055	859.334323564	1601.746427654
40	13852611	861.692584471	64.790526142
40	13857943	862.091251791	525.563299656
40	13879149	863.664226054	102.241779643
40	13879823	863.707711041	263.832748567
40	13880237	863.723448305	37.49697314
40	13894492	864.763163994	244.417682381
40	13949824	867.930999647	453.505712453
40	13969804	869.410295644	282.763143431
40	13977632	869.888439455	112.174448465
40	13981278	870.119781443	1010.033209174
40	14002577	871.559481732	2734.151120187
40	14086121	875.939673569	859.529510288
40	14162237	883.355562655	674.991439581
40	14184267	885.96430586	359.484482018
40	14193591	887.280320167	1844.747894498
40	14211704	888.419110371	1079.631633651
40	14225176	889.412468407	841.94526879
40	14294867	894.962463945	34.282978718
40	14296530	895.066831297	163.249018214
40	14306040	896.057815732	85.078381969
40	14316501	897.388346857	106.016218418
40	14326873	898.166290104	38.130868845
40	14376682	900.366203229	323.160168271
40	14381693	900.631160447	75.648533774
40	14422162	902.428148192	366.515345705
40	14461099	905.093857526	378.470269371
40	14463456	905.324728631	293.871243358
40	14464049	905.365489146	59.889263227
40	14467610	905.564857782	153.068111637
40	14499334	907.324650576	7.370436984
40	14540354	909.832318686	577.445654107
40	14542466	909.902415233	345.90035533
40	14570015	911.620259516	904.797201352
40	14606456	913.836051879	654.225858175
40	14611252	914.187352981	48.942780068
40	14614815	914.419409023	670.84826854
40	14646031	916.364247413	138.794647225
40	14652433	916.641269359	404.413789428
40	14667035	917.227286597	1990.115776818
40	14683412	918.367935592	453.243070256
40	14683600	918.395930081	981.426226389
40	14683817	918.448867311	158.255012941
40	14740705	920.972111339	246.250480796
40	14758935	922.251838673	25.871747992
40	14770747	923.361435591	601.924743722
40	14774619	923.653397001	271.629202087
40	14869834	928.776065236	332.468255758
40	14871536	928.909862378	377.932106805
40	14892016	930.031680926	368.905799287
40	14918075	931.208677287	105.248369313
40	14953501	933.261059694	33.938399206
40	14971944	934.463314697	439.34072075
40	14981157	935.180248615	57.687044306
40	14995511	936.358153828	145.410881266
40	14997684	936.426796803	255.667922955
40	15013755	937.378073645	358.259684614
40	15014298	937.410377039	1622.697637503
40	15092154	940.114713343	422.267505313
40	15107388	940.881350948	543.404553025
40	15116643	941.31994519	639.666013542
40	15140207	942.776964227	484.739991828
40	15144969	943.168018891	324.770393037
40	15147818	943.352219235	71.887667988
40	15232720	947.104621299	687.277777746
40	15235410	947.214487866	511.466704017
40	15283331	949.415717677	187.80196689
40	15307246	950.425809905	154.261835858
40	15340663	951.471547734	287.375205605
40	15352864	952.037046411	1046.643597366
40	15362146	952.452819831	626.934171781
40	15377254	953.217327356	635.579863617
40	15394583	954.102093881	659.672683368
40	15435319	956.051953498	91.033507403
40	15519984	961.127354945	235.652942837
40	15555298	963.310762951	1709.244105924
40	15559427	963.641300397	318.478849616
40	15573003	964.903261091	574.835580098
40	15588599	965.930671588	606.57587773
40	15600497	966.628895917	563.721285991
40	15608268	966.779275367	490.517763263
40	15618131	967.293200209	171.425650975
40	15625239	967.804251107	300.69621377
40	15651516	969.020048235	2358.556288586
40	15652101	969.064824923	279.11043948
40	15662537	969.7668543	597.596026142
40	15667282	970.196807066	325.099122221
40	15686113	971.720844273	309.877303118
40	15704554	973.04769627	1424.827795181
40	15739182	974.282995231	1698.623521838
40	15743249	974.446010443	289.213545238
40	15745258	974.552617842	265.48832839
40	15816496	977.997159387	96.266262081
40	15845046	979.001206438	117.810323179
40	15850831	979.328879967	443.036902091
40	15876922	980.160262214	1561.47644506
40	15917142	981.78320389	375.696517181
40	15996498	985.301782928	111.737391425
40	16002696	985.619926183	1878.45790681
40	16038223	987.312136779	770.935507858
40	16044932	987.678484376	2490.109851505
40	16076183	989.566730423	1516.966615571
40	16101148	990.973868457	1161.760451001
40	16112950	991.805256655	236.527807669
40	16113901	991.890044845	64.409878753
40	16132558	993.435912021	706.070437393
40	16139749	994.026012458	649.662196673
40	16154792	994.513951122	242.699481768
40	16194807	996.08284467	595.998995664
40	16210234	996.720359065	286.329815589
40	16222268	997.420442099	1038.511419611
40	16293041	1002.166790701	62.349285738
40	16376228	1007.078728085	570.173076442
40	16383346	1007.467050962	233.505765367
40	16425670	1009.89852894	308.184147917
40	16435596	1010.632543215	375.451618861
40	16448458	1011.804155048	332.4401022
40	16502142	1014.6153931	362.172063504
40	16514490	1015.598327423	1486.043894348
40	16528791	1016.557028027	435.653059484
40	16538564	1017.700412115	480.980696103
40	16576278	1019.697873964	2927.904860944
40	16590553	1020.432340394	1186.866870057
40	16624982	1022.587123514	148.780692002
40	16625819	1022.65256591	139.280869513
40	16630976	1023.154158238	143.347913557
40	16632392	1023.290887815	1892.252709753
40	16651837	1024.711549349	106.583661047
40	16705626	1027.566300629	49.715624839
40	16721355	1028.21427409	74.345600068
40	16727617	1028.531656645	1226.435156707
40	16806763	1034.237834649	1603.806140422
40	16813363	1034.829697242	156.465262237
40	16822657	1035.123539223	1797.933908524
40	16829096	1035.585908172	567.18348606
40	16858453	1037.245672159	43.529414348
40	16867150	1037.78299535	1723.810711722
40	16875694	1038.211108795	770.883574623
40	16909502	1039.660702753	657.287171753
40	16949438	1041.465377013	1349.449978359
40	16988477	1044.241806894	2451.143382344
40	17017256	1046.115504963	862.349963417
40	17017413	1046.138742846	327.572737723
40	17025274	1046.700684247	1718.72243875
40	17031055	1047.11650262	256.366956864
40	17036312	1047.637124384	772.124671103
40	17082315	1050.251708016	755.563167759
40	17085426	1050.417508829	1214.099893025
40	17141533	1052.873592549	1442.087409697
40	17150490	1053.419629193	84.674099855
40	17176542	1055.022628557	65.286525126
40	17179529	1055.280064877	106.022160768
40	17184978	1055.5335332	904.68322243
40	17231006	1058.198814456	982.922315886
40	17252660	1060.380505001	148.639338879
40	17254148	1060.535661227	831.625591388
40	17297313	1062.71955641	555.796847773
40	17305390	1063.321318316	656.785694306
40	17347197	1065.562245702	1307.357126967
40	17351232	1065.884474708	314.645433507
40	17396355	1069.144415626	565.600627186
40	17410255	1069.660737197	556.995628393
40	17443944	1071.672237523	1549.016444069
40	17509382	1077.702309573	597.991346935
40	17537586	1079.998856024	146.423186333
40	17546378	1080.850912197	440.854720489
40	17551675	1081.622740855	295.150121303
40	17618739	1087.955090866	525.670837984
40	17634731	1089.124573054	326.453547301
40	17674271	1091.411403724	1469.460264801
40	17679126	1091.780720229	499.882207763
40	17680001	1091.843764731	161.693320971
40	17701716	1093.11022177	243.195759394
40	17739859	1096.145999668	871.455143813
40	17744918	1096.615751528	758.968870686
40	17799754	1099.618795498	356.637153378
40	17838334	1101.525231402	1157.907087279
40	17838453	1101.527105502	512.690760418
40	17844069	1101.729943704	1203.802505514
40	17867455	1103.1542885	216.500233485
40	17907933	1105.608044135	549.441891629
40	17910091	1105.729350117	399.438788684
40	17932519	1107.662256958	174.959728874
40	17946971	1108.892181777	1520.224797033
40	18001979	1112.413545499	941.597613479
40	18019519	1113.220805915	1028.323070577
40	18024813	1113.539454474	2258.669749548
40	18030468	1113.970480686	178.649377269
40	18066013	1116.82843679	418.150562905
40	18086786	1117.590243932	1545.701176656
40	18159281	1122.208897358	1878.368314627
40	18160720	1122.330193254	727.388610166
40	18233474	1128.423506113	497.490904827
40	18236008	1128.657033421	410.319597726
40	18256987	1130.317198329	514.721530795
40	18303167	1133.074456996	1402.572663266
40	18307882	1133.541794899	974.000343661
40	18324784	1134.840391163	811.935222235
40	18326952	1135.122245301	1992.041413317
40	18340983	1135.972477961	103.176018091
40	18352766	1136.651185067	193.701228514
40	18355887	1136.859783736	1433.05905034
40	18375533	1137.569282674	213.517952413
40	18377363	1137.795926135	596.891663321
40	18402818	1139.439863589	1327.841640032
40	18489760	1144.413718693	1107.577661076
40	18503832	1145.857136999	949.153609898
40	18528321	1147.417177139	174.127039023
40	18552295	1149.527511978	638.888873923
40	18553928	1149.614763978	375.767708745
41	2943285	151.293688625	1.486661864
41	2966773	152.959913406	1.666224781
41	3017741	156.79852947	3.838616064
41	3019924	157.019838936	0.221309466
41	3020385	157.104197936	0.084359
41	3086516	162.718724577	5.614526641
41	3093504	163.474070774	0.755346197
41	3109841	165.146241638	1.672170864
41	3157094	168.402790772	3.256549134
41	3157218	168.43027205	0.027481278
41	3219001	172.881058437	4.450786387
41	3220451	173.017105094	0.136046657
41	3224028	173.286986438	0.269881344
41	3236433	174.603617637	1.316631199
41	3256447	175.439328767	0.83571113
41	3289519	176.830326573	1.390997806
41	3325352	178.794505987	1.964179414
41	3331164	179.262973377	0.46846739
41	3332511	179.385209116	0.122235739
41	3336190	179.814121678	0.428912562
41	3378203	182.40481114	2.590689462
41	3389307	183.557153735	1.152342595
41	3408538	185.538613542	1.981459807
41	3419063	187.039082629	1.500469087
41	3454617	189.963913191	2.924830562
41	3469732	191.807790382	1.843877191
41	3472856	191.985046323	0.177255941
41	3492054	192.935843272	0.950796949
41	3558536	197.109196567	4.173353295
41	3561646	197.469392208	0.360195641
41	3577807	198.548025113	1.078632905
41	3585657	199.268462816	0.720437703
41	3595069	199.812020834	0.543558018
41	3646673	203.783543703	3.971522869
41	3652476	203.951949684	0.168405981
41	3725160	208.31865101	4.366701326
41	3731238	208.809201357	0.490550347
41	3765243	212.674719343	3.865517986
41	3768067	212.992704447	0.317985104
41	3782448	214.549798626	1.557094179
41	3810205	216.109293156	1.55949453
41	3811165	216.314355605	0.205062449
41	3825247	216.829476717	0.515121112
41	3837297	218.11858063	1.289103913
41	3856983	219.136142711	1.017562081
41	3860107	219.440191186	0.304048475
41	3864295	219.858029133	0.417837947
41	3897587	221.934515085	2.076485952
41	3939865	224.930145373	2.995630288
41	3942350	225.301113539	0.370968166
41	3945394	225.781104995	0.479991456
41	3961261	226.875992639	1.094887644
41	3981075	228.637316027	1.761323388
41	3981703	228.708868921	0.071552894
41	3998136	229.840573993	1.131705072
41	4040282	231.818715372	1.978141379
41	4049739	232.477106206	0.658390834
41	4080960	234.152631671	1.675525465
41	4129963	240.035261162	5.882629491
41	4141356	241.275813937	1.240552775
41	4152751	242.190507228	0.914693291
41	4171746	243.137837479	0.947330251
41	4183380	244.362121321	1.224283842
41	4211921	245.888411512	1.526290191
41	4218255	246.347068534	0.458657022
41	4218612	246.38007103	0.033002496
41	4232725	247.482164622	1.102093592
41	4269305	249.239562597	1.757397975
41	4294181	250.656276944	1.416714347
41	4311885	252.223621621	1.567344677
41	4324037	252.885608688	0.661987067
41	4331245	253.318522644	0.432913956
41	4339820	254.28237423	0.963851586
41	4350789	254.777522247	0.495148017
41	4362900	255.152333136	0.374810889
41	4441257	258.794179576	3.64184644
41	4474323	261.228053435	2.433873859
41	4487647	262.045351152	0.817297717
41	4488472	262.151241303	0.105890151
41	4510810	263.777072747	1.625831444
41	4547289	265.808801873	2.031729126
41	4560805	266.829932458	1.021130585
41	4564534	267.183021617	0.353089159
41	4610957	270.265152921	3.082131304
41	4616077	270.837980904	0.572827983
41	4631508	271.657495425	0.819514521
41	4647065	272.533377821	0.875882396
41	4650694	273.020055585	0.486677764
41	4651332	273.111417422	0.091361837
41	4661994	273.853072517	0.741655095
41	4666967	274.671367132	0.818294615
41	4670836	275.071595386	0.400228254
41	4698746	276.413640705	1.342045319
41	4783570	278.821032494	2.407391789
41	4840040	282.411120947	3.590088453
41	4852337	283.238330517	0.82720957
41	4870089	284.549100081	1.310769564
41	4877081	285.255205702	0.706105621
41	4910787	287.40829336	2.153087658
41	4935789	289.115972912	1.707679552
41	4941826	289.591467865	0.475494953
41	4982133	293.055127988	3.463660123
41	4989741	293.653406784	0.598278796
41	5013160	296.058881404	2.40547462
41	5037091	297.307636248	1.248754844
41	5071554	299.316099195	2.008462947
41	5104071	301.714172299	2.398073104
41	5116746	303.040863503	1.326691204
41	5117584	303.126152286	0.085288783
41	5120941	303.307843881	0.181691595
41	5124371	303.623814919	0.315971038
41	5124387	303.625080494	0.001265575
41	5139314	304.544461265	0.919380771
41	5181822	306.54434045	1.999879185
41	5214169	307.535945859	0.991605409
41	5280857	311.076980052	3.541034193
41	5328034	313.799297138	2.722317086
41	5335441	314.205044243	0.405747105
41	5343572	314.725643778	0.520599535
41	5394970	318.272261878	3.5466181
41	5409015	319.507157823	1.234895945
41	5409596	319.554652195	0.047494372
41	5423386	320.440290814	0.885638619
41	5435399	321.108639557	0.668348743
41	5477352	323.752334469	2.643694912
41	5490489	324.542923082	0.790588613
41	5560895	331.366005276	6.823082194
41	5574016	332.118849254	0.752843978
41	5624384	335.348472045	3.229622791
41	5645970	337.258006657	1.909534612
41	5653733	338.350429057	1.0924224
41	5679339	341.692670361	3.342241304
41	5753335	348.324485477	6.631815116
41	5766961	350.122117677	1.7976322
41	5767123	350.138463922	0.016346245
41	5771284	350.524000521	0.385536599
41	5829845	354.665025364	4.141024843
41	5852337	356.679531296	2.014505932
41	5865312	357.917026993	1.237495697
41	5872006	358.241969538	0.324942545
41	5893995	359.902165869	1.660196331
41	5909191	360.434324089	0.53215822
41	5911975	360.675872042	0.241547953
41	5918003	361.178706013	0.502833971
41	6008652	365.396658483	4.21795247
41	6044274	367.985132118	2.588473635
41	6046660	368.238913212	0.253781094
41	6075384	370.07958751	1.840674298
41	6115930	372.782374818	2.702787308
41	6125765	373.614070437	0.831695619
41	6129014	373.881960717	0.26789028
41	6137789	374.341599641	0.459638924
41	6153507	374.902870487	0.561270846
41	6201447	377.669252419	2.766381932
41	6238315	379.143419048	1.474166629
41	6246859	379.592685941	0.449266893
41	6264872	380.802475252	1.209789311
41	6313525	383.152869069	2.350393817
41	6329135	384.428700161	1.275831092
41	6351188	385.841977559	1.413277398
41	6363554	386.569126924	0.727149365
41	6367374	386.827478947	0.258352023
41	6375793	387.34510152	0.517622573
41	6422100	390.54375351	3.19865199
41	6422312	390.567417483	0.023663973
41	6422765	390.600222396	0.032804913
41	6424536	390.682337553	0.082115157
41	6430436	390.960220098	0.277882545
41	6447623	391.922364517	0.962144419
41	6545555	396.702446181	4.780081664
41	6611036	402.730446658	6.028000477
41	6635062	404.902655825	2.172209167
41	6638654	405.208844787	0.306188962
41	6642437	405.546444307	0.33759952
41	6683910	408.653528673	3.107084366
41	6730188	412.444238734	3.790710061
41	6742522	413.934742077	1.490503343
41	6744444	414.055919881	0.121177804
41	6753116	415.185075579	1.129155698
41	6756212	415.743741819	0.55866624
41	6760138	416.165014278	0.421272459
41	6761341	416.346843513	0.181829235
41	6769176	416.909523163	0.56267965
41	6816454	419.178969498	2.269446335
41	6821757	419.501847649	0.322878151
41	6859628	420.792108786	1.290261137
41	6883514	422.549466676	1.75735789
41	6898478	423.150978132	0.601511456
41	6909507	424.361593363	1.210615231
41	6912817	424.506626615	0.145033252
41	6975079	428.190524124	3.683897509
41	7002769	430.054231627	1.863707503
41	7033848	432.591900824	2.537669197
41	7041698	433.504773716	0.912872892
41	7047763	434.243611069	0.738837353
41	7048641	434.361631082	0.118020013
41	7066956	436.013517591	1.651886509
41	7101780	437.916658292	1.903140701
41	7143108	440.823297631	2.906639339
41	7144748	441.088384901	0.26508727
41	7163093	441.772096167	0.683711266
41	7222382	445.699106096	3.927009929
41	7231389	446.593808622	0.894702526
41	7234530	447.095652887	0.501844265
41	7246112	447.891051319	0.795398432
41	7262529	448.876409321	0.985358002
41	7281890	450.330140099	1.453730778
41	7311804	451.465532398	1.135392299
41	7312293	451.522380185	0.056847787
41	7323065	452.691576715	1.16919653
41	7341645	453.553570198	0.861993483
41	7349006	454.082207398	0.5286372
41	7374935	455.653148245	1.570940847
41	7442903	459.975340834	4.322192589
41	7457847	461.19532713	1.219986296
41	7460510	461.291898646	0.096571516
41	7480519	463.076543838	1.784645192
41	7496300	464.660922933	1.584379095
41	7511298	464.971395122	0.310472189
41	7514209	465.101852142	0.13045702
41	7516877	465.214100752	0.11224861
41	7524082	465.623570902	0.40947015
41	7558842	467.046488786	1.422917884
41	7592503	468.91792186	1.871433074
41	7649396	472.803751763	3.885829903
41	7658604	473.729035067	0.925283304
41	7673266	475.341500459	1.612465392
41	7683289	475.762860043	0.421359584
41	7686860	475.950599595	0.187739552
41	7691706	476.317221873	0.366622278
41	7739613	478.703797374	2.386575501
41	7758075	479.791090682	1.087293308
41	7767862	480.536467094	0.745376412
41	7783217	481.702921879	1.166454785
41	7785382	481.830172476	0.127250597
41	7787760	482.015769758	0.185597282
41	7816542	483.612950795	1.597181037
41	7818560	483.796017933	0.183067138
41	7882700	487.24502095	3.449003017
41	7921903	490.82699612	3.58197517
41	7970147	493.975983823	3.148987703
41	7996730	495.625020538	1.649036715
41	8020492	498.079520233	2.454499695
41	8031839	499.150645861	1.071125628
41	8035677	499.617685849	0.467039988
41	8060619	501.84255871	2.224872861
41	8069697	502.652874697	0.810315987
41	8075271	503.211599984	0.558725287
41	8099037	504.120724678	0.909124694
41	8099335	504.139738415	0.019013737
41	8164654	506.348323756	2.208585341
41	8181314	506.962468773	0.614145017
41	8201376	508.11347694	1.151008167
41	8238575	509.976246291	1.862769351
41	8241263	510.238471388	0.262225097
41	8274081	512.113696908	1.87522552
41	8308182	514.441463625	2.327766717
41	8361352	518.701970104	4.260506479
41	8368412	519.539398061	0.837427957
41	8430162	524.552125843	5.012727782
41	8449776	525.964666267	1.412540424
41	8508642	531.08651332	5.121847053
41	8511446	531.276558462	0.190045142
41	8556810	534.575883133	3.299324671
41	8565196	535.174007494	0.598124361
41	8583139	536.799689165	1.625681671
41	8595803	538.310754516	1.511065351
41	8600084	538.756205438	0.445450922
41	8605977	538.919909298	0.16370386
41	8616984	539.842411226	0.922501928
41	8676799	543.13928385	3.296872624
41	8700457	544.353398275	1.214114425
41	8729666	546.153845719	1.800447444
41	8734619	546.284482534	0.130636815
41	8782621	549.348259661	3.063777127
41	8807199	550.536855503	1.188595842
41	8832279	551.682815602	1.145960099
41	8856201	553.641657293	1.958841691
41	8856241	553.662250088	0.020592795
41	8856268	553.66807904	0.005828952
41	8891336	556.241576887	2.573497847
41	8893142	556.405140787	0.1635639
41	8911835	557.961591159	1.556450372
41	8946119	559.496658855	1.535067696
41	8959652	560.211346051	0.714687196
41	8972749	560.920814722	0.709468671
41	8980860	561.701656563	0.780841841
41	8990854	562.560009507	0.858352944
41	8993004	562.836052456	0.276042949
41	9041170	564.663926548	1.827874092
41	9049487	565.129235052	0.465308504
41	9066049	566.254576005	1.125340953
41	9082234	566.676806496	0.422230491
41	9098735	567.538142202	0.861335706
41	9130337	569.405398969	1.867256767
41	9131440	569.438509533	0.033110564
41	9226147	575.193582628	5.755073095
41	9254511	577.47989985	2.286317222
41	9265439	578.755503889	1.275604039
41	9284584	579.401648483	0.646144594
41	9294671	580.333497286	0.931848803
41	9340247	582.985477784	2.651980498
41	9341232	583.079263686	0.093785902
41	9353599	583.935477743	0.856214057
41	9356937	584.212788186	0.277310443
41	9431392	588.570837033	4.358048847
41	9452479	590.430162578	1.859325545
41	9462066	591.431504172	1.001341594
41	9466013	591.84856353	0.417059358
41	9509430	593.766683282	1.918119752
41	9516388	594.193698502	0.42701522
41	9534680	595.301461693	1.107763191
41	9535169	595.325117953	0.02365626
41	9547268	596.315513875	0.990395922
41	9583829	597.947224103	1.631710228
41	9596855	598.427045176	0.479821073
41	9618137	599.475067891	1.048022715
41	9623960	599.817808938	0.342741047
41	9691852	602.942770255	3.124961317
41	9712763	603.858061502	0.915291247
41	9735250	605.211065695	1.353004193
41	9747057	606.013470711	0.802405016
41	9779322	608.502167227	2.488696516
41	9788061	608.76314678	0.260979553
41	9799116	609.590178521	0.827031741
41	9911770	616.685418868	7.095240347
41	9917437	617.131349034	0.445930166
41	9954355	620.813843465	3.682494431
41	10023735	627.105994911	6.292151446
41	10041122	628.998106512	1.892111601
41	10054392	629.986912495	0.988805983
41	10064605	630.816307571	0.829395076
41	10065148	630.854902301	0.03859473
41	10082781	632.293101429	1.438199128
41	10094426	632.858516438	0.565415009
41	10100533	633.35052659	0.492010152
41	10152194	636.244380688	2.893854098
41	10191449	638.075232516	1.830851828
41	10234988	640.427313808	2.352081292
41	10247432	641.238937984	0.811624176
41	10248309	641.319226597	0.080288613
41	10251047	641.521607668	0.202381071
41	10251813	641.575291527	0.053683859
41	10270481	642.93895937	1.363667843
41	10281292	643.501479308	0.562519938
41	10292487	644.46151881	0.960039502
41	10318796	645.425400675	0.963881865
41	10322492	645.706549228	0.281148553
41	10325591	645.989375482	0.282826254
41	10345276	646.698549228	0.709173746
41	10383082	647.84741351	1.148864282
41	10384280	647.895133473	0.047719963
41	10412774	648.744888106	0.849754633
41	10437529	649.903089714	1.158201608
41	10449677	650.482242782	0.579153068
41	10476615	651.859085169	1.376842387
41	10527120	654.529246197	2.670161028
41	10569337	657.157632172	2.628385975
41	10598295	659.120484289	1.962852117
41	10606284	659.417527658	0.297043369
41	10689104	665.280042934	5.862515276
41	10700760	666.116614861	0.836571927
41	10705227	666.560729566	0.444114705
41	10753246	669.586012001	3.025282435
41	10767896	670.956514592	1.370502591
41	10827341	676.013014757	5.056500165
41	10888683	680.499963909	4.486949152
41	10891015	680.72275827	0.222794361
41	10901932	681.693234744	0.970476474
41	10905897	682.184945726	0.491710982
41	10907341	682.32507143	0.140125704
41	10918077	682.856946041	0.531874611
41	10919471	682.935010423	0.078064382
41	10950695	684.626290776	1.691280353
41	11083685	693.250722029	8.624431253
41	11101400	695.225148611	1.974426582
41	11121418	697.019306283	1.794157672
41	11124777	697.408737828	0.389431545
41	11132527	697.959058696	0.550320868
41	11138392	698.666121894	0.707063198
41	11161352	699.889078711	1.222956817
41	11168794	700.228951453	0.339872742
41	11206118	702.570265168	2.341313715
41	11257392	705.538839575	2.968574407
41	11258865	705.594613722	0.055774147
41	11272002	706.3916632	0.797049478
41	11274904	706.637601624	0.245938424
41	11275284	706.674304677	0.036703053
41	11283677	707.305479088	0.631174411
41	11328086	709.132802861	1.827323773
41	11425360	713.878845928	4.746043067
41	11434831	714.475280492	0.596434564
41	11448380	715.610995209	1.135714717
41	11487251	718.202063251	2.591068042
41	11508887	719.4750189	1.272955649
41	11516245	720.298606829	0.823587929
41	11539818	721.463738487	1.165131658
41	11581784	723.611780881	2.148042394
41	11591054	724.251395316	0.639614435
41	11593879	724.548336331	0.296941015
41	11595769	724.709259153	0.160922822
41	11612499	725.58762967	0.878370517
41	11646059	728.025818143	2.438188473
41	11697449	733.48810635	5.462288207
41	11767594	738.491344552	5.003238202
41	11790109	741.371690956	2.880346404
41	11791434	741.399629541	0.027938585
41	11848801	745.186207121	3.78657758
41	11852179	745.332378831	0.14617171
41	11853948	745.545947351	0.21356852
41	11873205	746.985562598	1.439615247
41	11883407	747.67578799	0.690225392
41	11885141	747.886770924	0.210982934
41	11934295	751.355442751	3.468671827
41	11949948	752.37830896	1.022866209
41	11960514	752.776580506	0.398271546
41	12017055	757.043969252	4.267388746
41	12038586	759.100835498	2.056866246
41	12046821	759.974052568	0.87321707
41	12125971	764.374678797	4.400626229
41	12131711	764.795740957	0.42106216
41	12131910	764.821719085	0.025978128
41	12147568	765.691091053	0.869371968
41	12150240	765.931394729	0.240303676
41	12164545	766.676636345	0.745241616
41	12193693	768.032964762	1.356328417
41	12196355	768.185148316	0.152183554
41	12217610	768.933205043	0.748056727
41	12299813	773.169683181	4.236478138
41	12330986	775.755579288	2.585896107
41	12395237	778.876511185	3.120931897
41	12429496	781.647235589	2.770724404
41	12443203	782.880523865	1.233288276
41	12454226	783.405853859	0.525329994
41	12463277	783.894769377	0.488915518
41	12465515	784.124147261	0.229377884
41	12471061	784.600010171	0.47586291
41	12513990	785.992132079	1.392121908
41	12578237	788.685156621	2.693024542
41	12581656	788.908187578	0.223030957
41	12625954	791.162287909	2.254100331
41	12640607	792.216374595	1.054086686
41	12676582	793.794529599	1.578155004
41	12716862	796.034562703	2.240033104
41	12741688	797.66668124	1.632118537
41	12769808	799.753295437	2.086614197
41	12801256	801.710234104	1.956938667
41	12874121	806.959925764	5.24969166
41	12874208	806.970894063	0.010968299
41	12874961	807.041480098	0.070586035
41	12882275	807.470405971	0.428925873
41	12915082	809.071596198	1.601190227
41	12933033	809.732836969	0.661240771
41	12973512	811.78386236	2.051025391
41	12986918	812.734839351	0.950976991
41	13000144	813.640429458	0.905590107
41	13010773	814.570526819	0.930097361
41	13014541	814.873677781	0.303150962
41	13050366	816.547762782	1.674085001
41	13058295	816.847474342	0.29971156
41	13147163	821.957026365	5.109552023
41	13171101	823.552069957	1.595043592
41	13210881	825.80226276	2.250192803
41	13221595	826.439393656	0.637130896
41	13228345	827.031769536	0.59237588
41	13232022	827.267689344	0.235919808
41	13233825	827.34392195	0.076232606
41	13262937	828.615175505	1.271253555
41	13295632	830.025175613	1.410000108
41	13297225	830.103852992	0.078677379
41	13329459	831.529635844	1.425782852
41	13332725	831.803051649	0.273415805
41	13352163	832.54846912	0.745417471
41	13380037	834.245626464	1.697157344
41	13442892	838.834611689	4.588985225
41	13456379	839.860913166	1.026301477
41	13477870	841.106089419	1.245176253
41	13498766	842.083525918	0.977436499
41	13499531	842.151851029	0.068325111
41	13501125	842.243202911	0.091351882
41	13510278	842.501026891	0.25782398
41	13516209	842.737429849	0.236402958
41	13527156	843.015791779	0.27836193
41	13573283	844.647230148	1.631438369
41	13612222	846.386728365	1.739498217
41	13642583	848.153900547	1.767172182
41	13654614	848.76354647	0.609645923
41	13667689	850.037922022	1.274375552
41	13685675	851.05658265	1.018660628
41	13703118	852.47967005	1.4230874
41	13750710	855.307259144	2.827589094
41	13789789	857.074343595	1.767084451
41	13813673	858.802622069	1.728278474
41	13823055	859.334323564	0.531701495
41	13852611	861.692584471	2.358260907
41	13857943	862.091251791	0.39866732
41	13879149	863.664226054	1.572974263
41	13879823	863.707711041	0.043484987
41	13880237	863.723448305	0.015737264
41	13894492	864.763163994	1.039715689
41	13949824	867.930999647	3.167835653
41	13969804	869.410295644	1.479295997
41	13977632	869.888439455	0.478143811
41	13981278	870.119781443	0.231341988
41	14002577	871.559481732	1.439700289
41	14086121	875.939673569	4.380191837
41	14162237	883.355562655	7.415889086
41	14184267	885.96430586	2.608743205
41	14193591	887.280320167	1.316014307
41	14211704	888.419110371	1.138790204
41	14225176	889.412468407	0.993358036
41	14294867	894.962463945	5.549995538
41	14296530	895.066831297	0.104367352
41	14306040	896.057815732	0.990984435
41	14316501	897.388346857	1.330531125
41	14326873	898.166290104	0.777943247
41	14376682	900.366203229	2.199913125
41	14381693	900.631160447	0.264957218
41	14422162	902.428148192	1.796987745
41	14461099	905.093857526	2.665709334
41	14463456	905.324728631	0.230871105
41	14464049	905.365489146	0.040760515
41	14467610	905.564857782	0.199368636
41	14499334	907.324650576	1.759792794
41	14540354	909.832318686	2.50766811
41	14542466	909.902415233	0.070096547
41	14570015	911.620259516	1.717844283
41	14606456	913.836051879	2.215792363
41	14611252	914.187352981	0.351301102
41	14614815	914.419409023	0.232056042
41	14646031	916.364247413	1.94483839
41	14652433	916.641269359	0.277021946
41	14667035	917.227286597	0.586017238
41	14683412	918.367935592	1.140648995
41	14683600	918.395930081	0.027994489
41	14683817	918.448867311	0.05293723
41	14740705	920.972111339	2.523244028
41	14758935	922.251838673	1.279727334
41	14770747	923.361435591	1.109596918
41	14774619	923.653397001	0.29196141
41	14869834	928.776065236	5.122668235
41	14871536	928.909862378	0.133797142
41	14892016	930.031680926	1.121818548
41	14918075	931.208677287	1.176996361
41	14953501	933.261059694	2.052382407
41	14971944	934.463314697	1.202255003
41	14981157	935.180248615	0.716933918
41	14995511	936.358153828	1.177905213
41	14997684	936.426796803	0.068642975
41	15013755	937.378073645	0.951276842
41	15014298	937.410377039	0.032303394
41	15092154	940.114713343	2.704336304
41	15107388	940.881350948	0.766637605
41	15116643	941.31994519	0.438594242
41	15140207	942.776964227	1.457019037
41	15144969	943.168018891	0.391054664
41	15147818	943.352219235	0.184200344
41	15232720	947.104621299	3.752402064
41	15235410	947.214487866	0.109866567
41	15283331	949.415717677	2.201229811
41	15307246	950.425809905	1.010092228
41	15340663	951.471547734	1.045737829
41	15352864	952.037046411	0.565498677
41	15362146	952.452819831	0.41577342
41	15377254	953.217327356	0.764507525
41	15394583	954.102093881	0.884766525
41	15435319	956.051953498	1.949859617
41	15519984	961.127354945	5.075401447
41	15555298	963.310762951	2.183408006
41	15559427	963.641300397	0.330537446
41	15573003	964.903261091	1.261960694
41	15588599	965.930671588	1.027410497
41	15600497	966.628895917	0.698224329
41	15608268	966.779275367	0.15037945
41	15618131	967.293200209	0.513924842
41	15625239	967.804251107	0.511050898
41	15651516	969.020048235	1.215797128
41	15652101	969.064824923	0.044776688
41	15662537	969.7668543	0.702029377
41	15667282	970.196807066	0.429952766
41	15686113	971.720844273	1.524037207
41	15704554	973.04769627	1.326851997
41	15739182	974.282995231	1.235298961
41	15743249	974.446010443	0.163015212
41	15745258	974.552617842	0.106607399
41	15816496	977.997159387	3.444541545
41	15845046	979.001206438	1.004047051
41	15850831	979.328879967	0.327673529
41	15876922	980.160262214	0.831382247
41	15917142	981.78320389	1.622941676
41	15996498	985.301782928	3.518579038
41	16002696	985.619926183	0.318143255
41	16038223	987.312136779	1.692210596
41	16044932	987.678484376	0.366347597
41	16076183	989.566730423	1.888246047
41	16101148	990.973868457	1.407138034
41	16112950	991.805256655	0.831388198
41	16113901	991.890044845	0.08478819
41	16132558	993.435912021	1.545867176
41	16139749	994.026012458	0.590100437
41	16154792	994.513951122	0.487938664
41	16194807	996.08284467	1.568893548
41	16210234	996.720359065	0.637514395
41	16222268	997.420442099	0.700083034
41	16293041	1002.166790701	4.746348602
41	16376228	1007.078728085	4.911937384
41	16383346	1007.467050962	0.388322877
41	16425670	1009.89852894	2.431477978
41	16435596	1010.632543215	0.734014275
41	16448458	1011.804155048	1.171611833
41	16502142	1014.6153931	2.811238052
41	16514490	1015.598327423	0.982934323
41	16528791	1016.557028027	0.958700604
41	16538564	1017.700412115	1.143384088
41	16576278	1019.697873964	1.997461849
41	16590553	1020.432340394	0.73446643
41	16624982	1022.587123514	2.15478312
41	16625819	1022.65256591	0.065442396
41	16630976	1023.154158238	0.501592328
41	16632392	1023.290887815	0.136729577
41	16651837	1024.711549349	1.420661534
41	16705626	1027.566300629	2.85475128
41	16721355	1028.21427409	0.647973461
41	16727617	1028.531656645	0.317382555
41	16806763	1034.237834649	5.706178004
41	16813363	1034.829697242	0.591862593
41	16822657	1035.123539223	0.293841981
41	16829096	1035.585908172	0.462368949
41	16858453	1037.245672159	1.659763987
41	16867150	1037.78299535	0.537323191
41	16875694	1038.211108795	0.428113445
41	16909502	1039.660702753	1.449593958
41	16949438	1041.465377013	1.80467426
41	16988477	1044.241806894	2.776429881
41	17017256	1046.115504963	1.873698069
41	17017413	1046.138742846	0.023237883
41	17025274	1046.700684247	0.561941401
41	17031055	1047.11650262	0.415818373
41	17036312	1047.637124384	0.520621764
41	17082315	1050.251708016	2.614583632
41	17085426	1050.417508829	0.165800813
41	17141533	1052.873592549	2.45608372
41	17150490	1053.419629193	0.546036644
41	17176542	1055.022628557	1.602999364
41	17179529	1055.280064877	0.25743632
41	17184978	1055.5335332	0.253468323
41	17231006	1058.198814456	2.665281256
41	17252660	1060.380505001	2.181690545
41	17254148	1060.535661227	0.155156226
41	17297313	1062.71955641	2.183895183
41	17305390	1063.321318316	0.601761906
41	17347197	1065.562245702	2.240927386
41	17351232	1065.884474708	0.322229006
41	17396355	1069.144415626	3.259940918
41	17410255	1069.660737197	0.516321571
41	17443944	1071.672237523	2.011500326
41	17509382	1077.702309573	6.03007205
41	17537586	1079.998856024	2.296546451
41	17546378	1080.850912197	0.852056173
41	17551675	1081.622740855	0.771828658
41	17618739	1087.955090866	6.332350011
41	17634731	1089.124573054	1.169482188
41	17674271	1091.411403724	2.28683067
41	17679126	1091.780720229	0.369316505
41	17680001	1091.843764731	0.063044502
41	17701716	1093.11022177	1.266457039
41	17739859	1096.145999668	3.035777898
41	17744918	1096.615751528	0.46975186
41	17799754	1099.618795498	3.00304397
41	17838334	1101.525231402	1.906435904
41	17838453	1101.527105502	0.0018741
41	17844069	1101.729943704	0.202838202
41	17867455	1103.1542885	1.424344796
41	17907933	1105.608044135	2.453755635
41	17910091	1105.729350117	0.121305982
41	17932519	1107.662256958	1.932906841
41	17946971	1108.892181777	1.229924819
41	18001979	1112.413545499	3.521363722
41	18019519	1113.220805915	0.807260416
41	18024813	1113.539454474	0.318648559
41	18030468	1113.970480686	0.431026212
41	18066013	1116.82843679	2.857956104
41	18086786	1117.590243932	0.761807142
41	18159281	1122.208897358	4.618653426
41	18160720	1122.330193254	0.121295896
41	18233474	1128.423506113	6.093312859
41	18236008	1128.657033421	0.233527308
41	18256987	1130.317198329	1.660164908
41	18303167	1133.074456996	2.757258667
41	18307882	1133.541794899	0.467337903
41	18324784	1134.840391163	1.298596264
41	18326952	1135.122245301	0.281854138
41	18340983	1135.972477961	0.85023266
41	18352766	1136.651185067	0.678707106
41	18355887	1136.859783736	0.208598669
41	18375533	1137.569282674	0.709498938
41	18377363	1137.795926135	0.226643461
41	18402818	1139.439863589	1.643937454
41	18489760	1144.413718693	4.973855104
41	18503832	1145.857136999	1.443418306
41	18528321	1147.417177139	1.56004014
41	18552295	1149.527511978	2.110334839
41	18553928	1149.614763978	0.087252
