version 2
run PastryDHT-8-20211203-23:27:51-6496
attr Lifetime 900s
attr configname PastryDHT
attr datetime 20211203-23:27:51
attr experiment PastryDHT
attr inifile configs.ini
attr iterationvars $Lifetime=900s
attr iterationvars2 "$Lifetime=900s, $repetition=0"
attr measurement $Lifetime=900s
attr network oversim.underlay.simpleunderlay.SimpleUnderlayNetwork
attr processid 6496
attr repetition 0
attr replication #0
attr resultdir results
attr runnumber 8
attr seedset 8

vector 49  SimpleUnderlayNetwork.globalObserver.globalStatistics  "GlobalNodeList: Number of nodes"  ETV
vector 50  SimpleUnderlayNetwork.globalObserver.globalStatistics  "GlobalDhtTestMap: Number of stored DHT entries"  ETV
vector 51  SimpleUnderlayNetwork.globalObserver.globalStatistics  "LifetimeChurn: Time between deletes"  ETV
vector 52  SimpleUnderlayNetwork.globalObserver.globalStatistics  "LifetimeChurn: Session Time"  ETV
vector 53  SimpleUnderlayNetwork.globalObserver.globalStatistics  "LifetimeChurn: Time between creates"  ETV
49	2740347	150	508
49	3256939	200	492
49	3852431	250	493
49	4481267	300	494
49	5073918	350	494
49	5668250	400	495
49	6262721	450	489
49	7026613	500	512
49	7701769	550	518
49	8367208	600	508
49	8911211	650	499
49	9523504	700	504
49	10220547	750	506
49	10879098	800	490
49	11666708	850	490
49	12278572	900	481
49	12997449	950	495
49	13689422	1000	507
49	14292095	1050	503
49	14900411	1100	500
50	2740348	150	752
50	2839375	160	848
50	2935231	170	924
50	3107701	180	975
50	3189426	190	1056
50	3256940	200	1145
50	3336692	210	1237
50	3443816	220	1323
50	3600536	230	1391
50	3734924	240	1462
50	3852432	250	1525
50	3985821	260	1612
50	4125225	270	1700
50	4260108	280	1790
50	4354192	290	1864
50	4481268	300	1932
50	4599554	310	2001
50	4696781	320	2086
50	4784411	330	2176
50	4913123	340	2264
50	5073919	350	2340
50	5214893	360	2380
50	5308275	370	2380
50	5399727	380	2367
50	5520950	390	2350
50	5668251	400	2354
50	5809076	410	2370
50	5903929	420	2367
50	6011803	430	2389
50	6115868	440	2355
50	6262722	450	2350
50	6390895	460	2339
50	6581746	470	2356
50	6695380	480	2377
50	6873270	490	2366
50	7026614	500	2353
50	7164460	510	2343
50	7344066	520	2345
50	7454838	530	2353
50	7596114	540	2366
50	7701770	550	2388
50	7828455	560	2376
50	7969387	570	2378
50	8087576	580	2371
50	8229351	590	2370
50	8367209	600	2390
50	8457667	610	2393
50	8581476	620	2407
50	8695519	630	2396
50	8785425	640	2395
50	8911212	650	2393
50	9025342	660	2398
50	9153386	670	2389
50	9250076	680	2413
50	9361819	690	2421
50	9523505	700	2411
50	9646288	710	2396
50	9789045	720	2415
50	9903398	730	2400
50	10057867	740	2419
50	10220548	750	2424
50	10351058	760	2424
50	10464061	770	2401
50	10594225	780	2404
50	10730526	790	2422
50	10879099	800	2412
50	11022494	810	2413
50	11171280	820	2410
50	11311593	830	2402
50	11480569	840	2389
50	11666709	850	2397
50	11811730	860	2386
50	11913387	870	2386
50	12033684	880	2381
50	12151117	890	2373
50	12278573	900	2362
50	12439952	910	2383
50	12552409	920	2347
50	12689336	930	2358
50	12842760	940	2346
50	12997450	950	2331
50	13152009	960	2339
50	13285606	970	2366
50	13418458	980	2350
50	13550011	990	2357
50	13689423	1000	2346
50	13807022	1010	2340
50	13917002	1020	2341
50	14044090	1030	2357
50	14158942	1040	2361
50	14292096	1050	2353
50	14440846	1060	2354
50	14549966	1070	2354
50	14667868	1080	2356
50	14785760	1090	2360
50	14900412	1100	2368
50	15028318	1110	2367
50	15234718	1120	2356
50	15351298	1130	2371
50	15506507	1140	2343
51	2753695	151.437122736	1.853345074
51	2790793	156.116378302	4.679255566
51	2804528	156.696611852	0.58023355
51	2825554	158.150366693	1.453754841
51	2844082	160.663089586	2.512722893
51	2860468	162.827039459	2.163949873
51	2871861	164.499581697	1.672542238
51	2872843	164.807074234	0.307492537
51	2888996	166.157771391	1.350697157
51	2891031	166.572072722	0.414301331
51	2911795	168.667457731	2.095385009
51	2912173	168.719121597	0.051663866
51	2932011	169.511296616	0.792175019
51	2934703	169.858277928	0.346981312
51	2949812	170.793077904	0.934799976
51	2995063	172.15609195	1.363014046
51	3046049	175.202438477	3.046346527
51	3074763	176.43671222	1.234273743
51	3084641	177.606696157	1.169983937
51	3090873	178.156989609	0.550293452
51	3103820	179.521194491	1.364204882
51	3122263	181.115932451	1.59473796
51	3127333	181.725635074	0.609702623
51	3128855	181.876425917	0.150790843
51	3149196	184.825150658	2.948724741
51	3180589	188.248639002	3.423488344
51	3211754	191.993314999	3.744675997
51	3215933	192.503472174	0.510157175
51	3231237	195.150787858	2.647315684
51	3236639	196.2445746	1.093786742
51	3242749	197.371099862	1.126525262
51	3254336	199.473012967	2.101913105
51	3267884	201.745538173	2.272525206
51	3270484	202.341626051	0.596087878
51	3323842	207.516396115	5.174770064
51	3339623	210.671992268	3.155596153
51	3342635	211.149136048	0.47714378
51	3345641	211.575148777	0.426012729
51	3356397	211.951693473	0.376544696
51	3382644	214.072903552	2.121210079
51	3383965	214.155461914	0.082558362
51	3396238	216.16393329	2.008471376
51	3498712	222.619781269	6.455847979
51	3512420	223.11021579	0.490434521
51	3518804	223.712477546	0.602261756
51	3549406	225.987164933	2.274687387
51	3567536	227.978468897	1.991303964
51	3605038	230.222564924	2.244096027
51	3607775	230.420327635	0.197762711
51	3633471	233.324494065	2.90416643
51	3728951	239.489961011	6.165466946
51	3740869	240.30057586	0.810614849
51	3788496	244.392793724	4.092217864
51	3812926	246.116377096	1.723583372
51	3819653	246.786841164	0.670464068
51	3823077	247.377892454	0.59105129
51	3827946	247.870984743	0.493092289
51	3846346	249.444757608	1.573772865
51	3853820	250.218387571	0.773629963
51	3866236	251.538238517	1.319850946
51	3868485	251.710679805	0.172441288
51	3926627	255.461886943	3.751207138
51	3986299	260.072796499	4.610909556
51	3991797	260.885984378	0.813187879
51	4053423	264.693230392	3.807246014
51	4102110	267.861970297	3.168739905
51	4142727	270.975831709	3.113861412
51	4176205	273.974869408	2.999037699
51	4196073	275.077211187	1.102341779
51	4217004	276.508547342	1.431336155
51	4231566	277.20718511	0.698637768
51	4233261	277.347407636	0.140222526
51	4266985	280.936749886	3.58934225
51	4275286	281.372505226	0.43575534
51	4287993	282.803746919	1.431241693
51	4288124	282.816579583	0.012832664
51	4328677	286.718522125	3.901942542
51	4378910	291.612165019	4.893642894
51	4384051	292.173769754	0.561604735
51	4402805	293.306625478	1.132855724
51	4413389	293.834250793	0.527625315
51	4479594	299.854493324	6.020242531
51	4497974	301.815019587	1.960526263
51	4558841	306.855006302	5.039986715
51	4561880	307.307050199	0.452043897
51	4561944	307.318888614	0.011838415
51	4568749	307.672919366	0.354030752
51	4625833	312.113429676	4.44051031
51	4627305	312.406011368	0.292581692
51	4630937	312.78210864	0.376097272
51	4636429	313.301442675	0.519334035
51	4643930	314.256609187	0.955166512
51	4652804	315.384718219	1.128109032
51	4682643	318.305360264	2.920642045
51	4699746	320.400096799	2.094736535
51	4727171	323.348660361	2.948563562
51	4750906	325.734097855	2.385437494
51	4755151	326.013505549	0.279407694
51	4758795	326.522401684	0.508896135
51	4769864	327.85610086	1.333699176
51	4790015	330.280601204	2.424500344
51	4827046	332.908758482	2.628157278
51	4838861	333.861279214	0.952520732
51	4855921	334.948972502	1.087693288
51	4860155	335.309017461	0.360044959
51	4868392	336.27662157	0.967604109
51	4890778	337.466199194	1.189577624
51	4906524	339.044696841	1.578497647
51	4915286	340.207301198	1.162604357
51	5058554	349.020497572	8.813196374
51	5059361	349.102891582	0.08239401
51	5091062	350.994314775	1.891423193
51	5131834	353.655971485	2.66165671
51	5136921	354.224908086	0.568936601
51	5144859	354.775805776	0.55089769
51	5190152	357.96654816	3.190742384
51	5225606	360.590664137	2.624115977
51	5255209	363.712432407	3.12176827
51	5261995	364.694595413	0.982163006
51	5272501	366.346437215	1.651841802
51	5288510	367.442611494	1.096174279
51	5296149	368.552542313	1.109930819
51	5319663	371.95143814	3.398895827
51	5329661	373.465920084	1.514481944
51	5348376	375.820557111	2.354637027
51	5410785	380.504508164	4.683951053
51	5437684	382.879971788	2.375463624
51	5441879	383.491803958	0.61183217
51	5488561	387.913465591	4.421661633
51	5494710	388.64222552	0.728759929
51	5515571	389.549056516	0.906830996
51	5564712	393.149593529	3.600537013
51	5605941	395.733343217	2.583749688
51	5621261	396.957985587	1.22464237
51	5690913	401.290737233	4.332751646
51	5711991	402.953288791	1.662551558
51	5713310	403.13056238	0.177273589
51	5715247	403.37975468	0.2491923
51	5727790	404.279278881	0.899524201
51	5759717	407.227528367	2.948249486
51	5825579	410.833181748	3.605653381
51	5840829	411.906388073	1.073206325
51	5864439	414.510272079	2.603884006
51	5874668	415.902874318	1.392602239
51	5893798	418.632822898	2.72994858
51	5896642	418.97785276	0.345029862
51	5897918	419.115152063	0.137299303
51	5901487	419.617184834	0.502032771
51	5903928	419.998027861	0.380843027
51	5928971	422.373976228	2.375948367
51	5945490	423.630406391	1.256430163
51	5974096	425.246146432	1.615740041
51	5992420	427.090354977	1.844208545
51	6013117	430.194354274	3.103999297
51	6017866	430.678002421	0.483648147
51	6018411	430.785143167	0.107140746
51	6020889	431.101689467	0.3165463
51	6031882	431.592083204	0.490393737
51	6054356	433.313133921	1.721050717
51	6057387	433.662521367	0.349387446
51	6098614	438.395661549	4.733140182
51	6104900	439.339147907	0.943486358
51	6136074	440.901053887	1.56190598
51	6138182	441.196061571	0.295007684
51	6148182	441.87530981	0.679248239
51	6159595	442.637076885	0.761767075
51	6231127	447.402715512	4.765638627
51	6252001	449.344994302	1.94227879
51	6336865	455.695124237	6.350129935
51	6468905	463.118435659	7.423311422
51	6532737	466.755213835	3.636778176
51	6661476	476.759194745	10.00398091
51	6663591	476.812213501	0.053018756
51	6695957	480.049053634	3.236840133
51	6698622	480.408814144	0.35976051
51	6701797	481.035292171	0.626478027
51	6816582	486.682580068	5.647287897
51	6844519	487.694947334	1.012367266
51	6891579	491.401704748	3.706757414
51	6918131	492.761035696	1.359330948
51	6918530	492.815342787	0.054307091
51	6935116	493.746640454	0.931297667
51	6952974	494.850027992	1.103387538
51	7115529	505.867102463	11.017074471
51	7150978	508.670414911	2.803312448
51	7175538	511.146376109	2.475961198
51	7186193	512.007848187	0.861472078
51	7192195	512.721040689	0.713192502
51	7305217	517.798764285	5.077723596
51	7344705	520.024246657	2.225482372
51	7351700	520.558391909	0.534145252
51	7398964	524.13098005	3.572588141
51	7401278	524.396296638	0.265316588
51	7448349	528.899181575	4.502884937
51	7454552	529.944079847	1.044898272
51	7456766	530.35165526	0.407575413
51	7467884	531.308405843	0.956750583
51	7507409	533.774119197	2.465713354
51	7522082	534.703707246	0.929588049
51	7526642	535.090073537	0.386366291
51	7554931	536.51294759	1.422874053
51	7560035	537.16033807	0.64739048
51	7562327	537.226643067	0.066304997
51	7608661	540.814809184	3.588166117
51	7610768	541.040384555	0.225575371
51	7635097	543.218334894	2.177950339
51	7641439	543.585096921	0.366762027
51	7648180	544.114548431	0.52945151
51	7653582	544.805139885	0.690591454
51	7679784	547.55140289	2.746263005
51	7681254	547.777012607	0.225609717
51	7703776	550.190401266	2.413388659
51	7726606	552.752330735	2.561929469
51	7749458	553.914695792	1.162365057
51	7749692	554.048997994	0.134302202
51	7784169	556.168722272	2.119724278
51	7799312	557.391656624	1.222934352
51	7806788	557.929604265	0.537947641
51	7811624	558.51523545	0.585631185
51	7838836	560.964417703	2.449182253
51	7843217	561.409715298	0.445297595
51	7868445	562.597520194	1.187804896
51	7892493	563.979526811	1.382006617
51	7902960	564.291644229	0.312117418
51	7949673	567.558518471	3.266874242
51	7970554	570.162383976	2.603865505
51	7986697	572.174907808	2.012523832
51	7991680	572.957070454	0.782162646
51	8011381	574.63167374	1.674603286
51	8060140	578.132718456	3.501044716
51	8080220	579.207326803	1.074608347
51	8087018	579.922811763	0.71548496
51	8156556	583.895104592	3.972292829
51	8158916	584.015092899	0.119988307
51	8195689	586.627293525	2.612200626
51	8199745	586.920178393	0.292884868
51	8204347	587.357603862	0.437425469
51	8207953	588.035073297	0.677469435
51	8232077	590.281904918	2.246831621
51	8255173	591.638246547	1.356341629
51	8298954	595.269129842	3.630883295
51	8313802	596.596561509	1.327431667
51	8326756	597.439320053	0.842758544
51	8381246	601.228432532	3.789112479
51	8382068	601.346642976	0.118210444
51	8424687	606.068033639	4.721390663
51	8446940	608.445227108	2.377193469
51	8450455	609.012245829	0.567018721
51	8456259	609.787301023	0.775055194
51	8459937	610.434010198	0.646709175
51	8478860	613.030160638	2.59615044
51	8487243	614.039897106	1.009736468
51	8522803	616.158429854	2.118532748
51	8550939	617.315210436	1.156780582
51	8551135	617.365116866	0.04990643
51	8609190	622.285132362	4.920015496
51	8636263	624.41876508	2.133632718
51	8644077	625.22435167	0.80558659
51	8651447	626.242964698	1.018613028
51	8662893	627.429406327	1.186441629
51	8699323	630.275599084	2.846192757
51	8732650	634.647710422	4.372111338
51	8764094	638.154124924	3.506414502
51	8844294	644.28311596	6.128991036
51	8845963	644.400091459	0.116975499
51	8847045	644.469314369	0.06922291
51	8878109	646.533099483	2.063785114
51	8883180	647.339498817	0.806399334
51	8900555	649.278688371	1.939189554
51	8917310	650.410523253	1.131834882
51	8921081	650.983068143	0.57254489
51	8938518	652.119836622	1.136768479
51	8965371	655.304392612	3.18455599
51	8999611	657.466246804	2.161854192
51	9003587	657.645905462	0.179658658
51	9004837	657.899672592	0.25376713
51	9088809	664.102080489	6.202407897
51	9102790	665.76579816	1.663717671
51	9118122	667.858449543	2.092651383
51	9157199	670.282383098	2.423933555
51	9166213	671.287934441	1.005551343
51	9183843	672.660364366	1.372429925
51	9204286	675.185603569	2.525239203
51	9277554	681.731237421	6.545633852
51	9350689	689.308917377	7.577679956
51	9384780	690.858239396	1.549322019
51	9429872	694.183903812	3.325664416
51	9448177	696.369415376	2.185511564
51	9494202	698.079127063	1.709711687
51	9512968	699.212947331	1.133820268
51	9535011	700.561905308	1.348957977
51	9541733	700.811882265	0.249976957
51	9564677	702.869747781	2.057865516
51	9571495	703.78067033	0.910922549
51	9583113	704.688336341	0.907666011
51	9593338	704.895720532	0.207384191
51	9697567	713.154503109	8.258782577
51	9712852	714.270290378	1.115787269
51	9734069	716.054377539	1.784087161
51	9739763	716.443264575	0.388887036
51	9759582	717.350266973	0.907002398
51	9783280	719.326566457	1.976299484
51	9783388	719.34432639	0.017759933
51	9791927	720.494102539	1.149776149
51	9852380	725.020733158	4.526630619
51	9853658	725.179395401	0.158662243
51	9856803	725.481615985	0.302220584
51	9924117	731.429949316	5.948333331
51	9948480	732.428187407	0.998238091
51	9984220	734.346317116	1.918129709
51	9995865	735.307545882	0.961228766
51	10014671	737.077924795	1.770378913
51	10035009	738.625687384	1.547762589
51	10035512	738.710630397	0.084943013
51	10036861	738.917305452	0.206675055
51	10123146	744.452685917	5.535380465
51	10140599	745.11720566	0.664519743
51	10178903	746.481542926	1.364337266
51	10182417	746.659908642	0.178365716
51	10185929	747.01074674	0.350838098
51	10186497	747.086179545	0.075432805
51	10205800	748.381783741	1.295604196
51	10207482	748.633058169	0.251274428
51	10230611	751.209792123	2.576733954
51	10246677	752.301235182	1.091443059
51	10288913	755.041453818	2.740218636
51	10290971	755.257612031	0.216158213
51	10309507	756.963288704	1.705676673
51	10325937	758.029439476	1.066150772
51	10367435	761.833943488	3.804504012
51	10377868	762.687514963	0.853571475
51	10404253	764.85778562	2.170270657
51	10408533	765.36264939	0.50486377
51	10424735	766.350129992	0.987480602
51	10446636	767.997099881	1.646969889
51	10463990	769.973376967	1.976277086
51	10464134	770.025837407	0.05246044
51	10468414	770.478213725	0.452376318
51	10476824	771.439331128	0.961117403
51	10516816	773.78741457	2.348083442
51	10517678	773.817760432	0.030345862
51	10553145	776.271641795	2.453881363
51	10553861	776.320856252	0.049214457
51	10556967	776.634410766	0.313554514
51	10578000	778.60491728	1.970506514
51	10593725	779.978789065	1.373871785
51	10617919	782.272634285	2.29384522
51	10630366	782.978937846	0.706303561
51	10636327	783.512418195	0.533480349
51	10648365	784.012148988	0.499730793
51	10655868	784.197785368	0.18563638
51	10671196	785.203559309	1.005773941
51	10685014	786.214171973	1.010612664
51	10690689	786.866443856	0.652271883
51	10708570	788.054077987	1.187634131
51	10708841	788.08050724	0.026429253
51	10716797	789.021122644	0.940615404
51	10723107	789.363678319	0.342555675
51	10766060	791.786541767	2.422863448
51	10767076	791.877780947	0.09123918
51	10808809	794.411334222	2.533553275
51	10817275	795.284446357	0.873112135
51	10841991	796.71641979	1.431973433
51	10845454	797.118561812	0.402142022
51	10852829	797.4186424	0.300080588
51	10875602	799.487741397	2.069098997
51	10885440	800.526573436	1.038832039
51	10888329	800.729417477	0.202844041
51	10898271	801.206179684	0.476762207
51	10904506	801.531990322	0.325810638
51	10907379	801.660889374	0.128899052
51	10991553	808.075105657	6.414216283
51	11013122	809.34388105	1.268775393
51	11043744	811.222693311	1.878812261
51	11086500	813.833169294	2.610475983
51	11118579	815.525305174	1.69213588
51	11138738	816.864408751	1.339103577
51	11155239	818.738719712	1.874310961
51	11169226	819.818585579	1.079865867
51	11195985	822.564649874	2.746064295
51	11208131	823.750452734	1.18580286
51	11219987	824.367252946	0.616800212
51	11246443	826.198242362	1.830989416
51	11287737	828.304335073	2.106092711
51	11306717	829.632603676	1.328268603
51	11365774	833.340840253	3.708236577
51	11447037	838.205711095	4.864870842
51	11476667	839.821616926	1.615905831
51	11488468	840.677197263	0.855580337
51	11517944	842.02877662	1.351579357
51	11566847	844.833745963	2.804969343
51	11567524	844.881523392	0.047777429
51	11646729	848.767046569	3.885523177
51	11699762	851.769481533	3.002434964
51	11710507	852.476244959	0.706763426
51	11725369	853.335628019	0.85938306
51	11772415	856.904125484	3.568497465
51	11810816	859.829584656	2.925459172
51	11828269	860.923775157	1.094190501
51	11829693	861.075991672	0.152216515
51	11857425	863.685279808	2.609288136
51	11859552	864.077440124	0.392160316
51	11864176	864.623992087	0.546551963
51	11867395	865.023796574	0.399804487
51	11875978	866.179201946	1.155405372
51	11884297	867.220601547	1.041399601
51	11888635	867.755553858	0.534952311
51	11954526	873.244081747	5.488527889
51	11964744	874.276349587	1.03226784
51	11999427	877.118353511	2.842003924
51	12002521	877.323849607	0.205496096
51	12006819	877.858260335	0.534410728
51	12012053	878.457471819	0.599211484
51	12049180	881.619739489	3.16226767
51	12058785	882.614805131	0.995065642
51	12059930	882.820321717	0.205516586
51	12076411	884.241689326	1.421367609
51	12127254	887.448386504	3.206697178
51	12137550	888.250857912	0.802471408
51	12236376	897.714589029	9.463731117
51	12238586	897.855985105	0.141396076
51	12247190	898.443168324	0.587183219
51	12288278	900.524086813	2.080918489
51	12362335	905.9390055	5.414918687
51	12406939	907.738980918	1.799975418
51	12435387	909.582887565	1.843906647
51	12455342	911.280904666	1.698017101
51	12500783	916.099685928	4.818781262
51	12501645	916.191423641	0.091737713
51	12502814	916.311668687	0.120245046
51	12541155	918.718049253	2.406380566
51	12543507	919.039135025	0.321085772
51	12546661	919.511852656	0.472717631
51	12598324	922.956362458	3.444509802
51	12613959	924.202294813	1.245932355
51	12642355	926.270463185	2.068168372
51	12666797	927.704698576	1.434235391
51	12683127	929.126328508	1.421629932
51	12697739	930.771901909	1.645573401
51	12826201	938.983786497	8.211884588
51	12882102	942.462433225	3.478646728
51	12887436	942.856802298	0.394369073
51	12975793	948.330048807	5.473246509
51	13064944	953.971830449	5.641781642
51	13086683	955.276084763	1.304254314
51	13151696	959.975209307	4.699124544
51	13156432	960.546090129	0.570880822
51	13218030	964.674929192	4.128839063
51	13223391	965.23834743	0.563418238
51	13284863	969.936933463	4.698586033
51	13321451	972.579390798	2.642457335
51	13328285	973.129632442	0.550241644
51	13344195	974.52603952	1.396407078
51	13362750	975.714181331	1.188141811
51	13386473	977.51177777	1.797596439
51	13411385	979.181624254	1.669846484
51	13504713	987.904908871	8.723284617
51	13512429	988.231057388	0.326148517
51	13558490	990.697327609	2.466270221
51	13568892	991.379378956	0.682051347
51	13616884	994.814541771	3.435162815
51	13652673	996.783209581	1.96866781
51	13667962	998.309141311	1.52593173
51	13703109	1001.561644236	3.252502925
51	13711538	1002.371137803	0.809493567
51	13711982	1002.478817835	0.107680032
51	13727803	1004.50126864	2.022450805
51	13744880	1005.989697696	1.488429056
51	13761754	1006.918091416	0.92839372
51	13788732	1008.577279563	1.659188147
51	13807568	1010.054164468	1.476884905
51	13814758	1010.655035798	0.60087133
51	13837666	1012.259241395	1.604205597
51	13907250	1018.83189192	6.572650525
51	13915851	1019.886841844	1.054949924
51	13928354	1020.85265721	0.965815366
51	13935028	1021.113164175	0.260506965
51	14019230	1027.815085104	6.701920929
51	14021977	1028.072815428	0.257730324
51	14022217	1028.10036337	0.027547942
51	14023732	1028.396893786	0.296530416
51	14038480	1029.57669849	1.179804704
51	14050979	1030.893186311	1.316487821
51	14051899	1030.946588771	0.05340246
51	14057810	1031.148765531	0.20217676
51	14058816	1031.208342312	0.059576781
51	14072819	1032.647831817	1.439489505
51	14109403	1035.347102844	2.699271027
51	14191077	1042.554300197	7.207197353
51	14197126	1043.125447435	0.571147238
51	14210371	1044.434715844	1.309268409
51	14251657	1047.412509404	2.97779356
51	14301513	1050.337424094	2.92491469
51	14364606	1053.22164399	2.884219896
51	14388950	1054.960133064	1.738489074
51	14423955	1058.472013096	3.511880032
51	14426057	1058.622975051	0.150961955
51	14447933	1060.713063106	2.090088055
51	14472962	1063.020919418	2.307856312
51	14499897	1065.711539465	2.690620047
51	14513486	1067.172309809	1.460770344
51	14522475	1068.238272242	1.065962433
51	14567493	1071.704971826	3.466699584
51	14588630	1073.434788904	1.729817078
51	14611263	1074.74149464	1.306705736
51	14631461	1076.722287686	1.980793046
51	14634497	1077.077045267	0.354757581
51	14645500	1077.910133645	0.833088378
51	14676600	1080.983919202	3.073785557
51	14789914	1090.491318922	9.50739972
51	14791489	1090.739991138	0.248672216
51	14813485	1092.356556584	1.616565446
51	14847213	1095.193292647	2.836736063
51	14861794	1097.000075505	1.806782858
51	14870659	1097.705632373	0.705556868
51	14875083	1098.51636248	0.810730107
51	14918954	1101.279716858	2.763354378
51	15000084	1108.28416226	7.004445402
51	15008454	1109.051806111	0.767643851
51	15082020	1111.733214489	2.681408378
51	15086479	1112.102063039	0.36884855
51	15131074	1113.805667002	1.703603963
51	15191864	1116.622909733	2.817242731
51	15199921	1117.091485662	0.468575929
51	15248466	1120.975216415	3.883730753
51	15277337	1123.142882509	2.167666094
51	15279402	1123.354681994	0.211799485
51	15309785	1125.111770652	1.757088658
51	15327407	1127.096048609	1.984277957
51	15331310	1128.02735313	0.931304521
51	15370074	1131.529460503	3.502107373
51	15402044	1134.314841941	2.785381438
51	15415861	1135.046653471	0.73181153
51	15416946	1135.320681239	0.274027768
51	15427623	1136.135853405	0.815172166
51	15467839	1138.086641914	1.950788509
51	15491742	1138.643570886	0.556928972
51	15529829	1142.795399121	4.151828235
51	15534043	1143.802660805	1.007261684
51	15537481	1144.407656225	0.60499542
51	15570535	1148.633012201	4.225355976
51	15586343	1149.581169002	0.948156801
52	2766361	153.182369916	1053.803851828
52	2773659	154.120995049	411.069406217
52	2853320	162.242020059	678.956222303
52	2862026	163.273307642	634.705630204
52	2865810	163.821518639	2869.088040345
52	2902332	167.367923809	243.365419408
52	2912610	168.772064695	490.628026764
52	2916579	169.042362365	799.929468084
52	2924621	169.192977844	4733.782741139
52	2928871	169.348836405	1187.159353188
52	2936045	170.080495745	462.284621121
52	2947684	170.634848808	1758.079182875
52	3030384	173.485378982	968.610669627
52	3033293	174.014784955	611.46342877
52	3097528	178.912966955	209.552953129
52	3141880	183.662330318	832.899313918
52	3164190	186.04095657	2459.439650712
52	3181956	188.51283125	56.907496385
52	3259840	200.571675304	826.687566091
52	3272531	202.689677938	40.288790959
52	3273310	202.779369003	1224.76282896
52	3330535	208.861984857	239.451149064
52	3336212	209.894463539	624.92412204
52	3374165	213.319823512	1797.404902912
52	3399361	216.525441868	90.648327886
52	3414986	218.136290828	679.684030889
52	3417921	218.258471759	573.375939007
52	3428499	218.770347645	683.678038859
52	3436017	219.220310836	940.187345389
52	3449811	220.144537225	2168.226088088
52	3483784	221.367645377	182.274580143
52	3490890	222.012429079	1087.511536258
52	3519505	223.778687307	416.445664363
52	3550424	226.170900565	208.446284269
52	3553806	226.539122235	1889.706979752
52	3592264	229.497735951	35.72065162
52	3640098	234.084970146	519.832335306
52	3655401	235.134625394	1438.137002752
52	3660346	235.667811359	2168.936075171
52	3685983	236.795995348	85.511054851
52	3731338	239.726693036	26.811545481
52	3731649	239.753289049	316.287095506
52	3779281	243.78844017	516.32876549
52	3820865	247.070063423	2386.853824488
52	3858503	250.897713986	577.935455308
52	3864803	251.368682443	240.390512302
52	3865610	251.452447748	195.139635456
52	3871783	251.986134435	735.593256363
52	3873206	252.125543531	1503.252982053
52	3891356	253.468354241	110.552143331
52	3916728	254.519903155	1560.796478977
52	3990487	260.729075125	121.713536369
52	3991870	260.892005586	1007.885121682
52	3991953	260.89704463	1093.689700258
52	4007650	262.402547258	1560.150452672
52	4100560	267.786770905	1831.52910352
52	4109485	268.228832003	259.492208686
52	4156325	272.348585943	510.648513938
52	4165509	273.199821829	69.656279031
52	4195390	274.982959609	1186.607497228
52	4229102	277.060395251	395.839277341
52	4237817	278.045636844	1666.005017496
52	4266978	280.936749886	5.322385553
52	4270008	281.219708901	358.199056179
52	4338548	287.904699507	892.764539188
52	4345758	288.881893964	52.64050772
52	4380045	291.755621943	671.574426864
52	4405408	293.474112707	2729.547186895
52	4407491	293.55493932	585.522500804
52	4411123	293.693215983	1288.925363946
52	4435316	295.46615536	42.882505001
52	4506496	302.717975699	643.05392621
52	4528861	304.460441376	1169.276394463
52	4545692	306.034845289	2413.785666152
52	4588065	308.901312276	2069.492125505
52	4658708	315.941124689	606.797856229
52	4702747	320.773712076	304.013588947
52	4729204	323.678752076	786.514540571
52	4759561	326.668708381	182.077932073
52	4761223	326.966307862	965.170356081
52	4773798	328.519423512	69.972380446
52	4774626	328.615477476	402.438900063
52	4799319	330.764820716	469.438738593
52	4805301	331.433254466	1010.741624759
52	4851049	334.631558481	1332.567395322
52	4885438	337.077347551	3839.990490618
52	4890263	337.411039132	1003.224655328
52	4901661	338.610154017	2950.162586461
52	4923224	340.630301493	77.749453187
52	4941532	342.298619508	3078.662894472
52	4943783	342.419542216	702.157156274
52	4992848	345.536999312	700.356186999
52	5001161	346.260316776	1415.928286835
52	5009540	346.619019839	387.725306551
52	5013270	347.015265325	898.304868716
52	5025585	347.604912572	160.156123124
52	5042126	348.25836152	2514.304806984
52	5068814	349.586552252	228.010967942
52	5070296	349.7551022	390.265630958
52	5095757	351.43649731	233.725886666
52	5112725	352.485864054	344.245373367
52	5190673	358.014189935	808.967119045
52	5231137	360.961186054	61.266342313
52	5253687	363.525009061	82.15299336
52	5272686	366.403577653	41.746015876
52	5310771	370.562956366	510.61624558
52	5322698	372.669076764	1244.967021851
52	5329708	373.480155582	132.921549166
52	5331317	373.726984975	481.094631951
52	5350080	375.994353721	1034.639630095
52	5418048	381.190515078	348.0797753
52	5423353	381.872427017	530.842162012
52	5450647	384.3878775	1139.356930924
52	5460917	385.31826873	4720.321284516
52	5486123	387.755063545	491.868928542
52	5519403	389.818007771	136.328368338
52	5521108	390.016411775	145.541980134
52	5524995	390.407629684	345.086472855
52	5528085	390.735072563	407.777345632
52	5533245	391.114154149	34.719027599
52	5597079	394.964841638	1025.98406508
52	5611878	396.267687426	1310.866712334
52	5613977	396.571918796	1953.18255072
52	5629162	397.815894844	2560.139554338
52	5687090	400.931042365	15.359694868
52	5694650	401.850369247	1618.755394552
52	5737764	405.371137391	196.549041002
52	5742559	405.85917492	947.509894297
52	5753079	406.985316521	2662.851632711
52	5770314	407.859455137	635.537438649
52	5803276	409.755434646	1956.683441852
52	5884364	417.479328111	192.789801731
52	5888105	417.839601476	808.278901065
52	5899556	419.343709414	643.06879999
52	5929154	422.397971647	357.459813973
52	6005826	429.177885011	952.007945438
52	6009196	429.659552908	396.563140403
52	6012307	430.091260979	2651.860422781
52	6014255	430.301491664	852.307866009
52	6019108	430.889619937	500.42204875
52	6074118	435.596942957	2638.31297657
52	6079093	436.167511543	1380.504671316
52	6088578	437.423109556	224.916389261
52	6114551	439.826868483	1094.033664272
52	6116216	440.040371736	363.980750908
52	6146288	441.824365982	207.82334444
52	6193788	444.589209898	1872.363586077
52	6240554	448.191531765	22.503592472
52	6246926	448.642666508	1730.114500831
52	6250624	449.086695138	429.59858467
52	6266006	450.101969998	1480.525065077
52	6276188	450.803079968	2010.3028222
52	6303361	452.284292957	3455.286486411
52	6326424	454.376433877	728.673509511
52	6337822	455.743990614	2066.560715413
52	6344612	455.946691519	173.093205587
52	6349939	456.230911936	35.581301565
52	6372978	457.921522457	475.796526796
52	6378881	458.571366307	2376.661618686
52	6400086	460.135570054	63.534844857
52	6424326	461.082218191	1124.527497703
52	6503233	465.43700426	908.939571151
52	6524223	466.110790321	1014.418172637
52	6579656	469.818435098	423.039825237
52	6597889	471.615507595	792.238246936
52	6611673	472.626792095	623.357127107
52	6643019	474.856131208	384.977614755
52	6687605	479.226137615	148.804023023
52	6688837	479.379552475	556.7336117
52	6690459	479.554083858	22.12849621
52	6699901	480.674860546	77.543474348
52	6700521	480.860184275	915.09045494
52	6701634	481.010659448	1485.762251074
52	6727781	482.262759117	283.947033006
52	6728440	482.378127596	333.351289881
52	6736909	482.997965763	1212.332259701
52	6750138	483.608507131	1894.660153398
52	6751452	483.710884969	528.072324612
52	6758550	484.324174721	840.162124639
52	6867886	489.425662807	1707.151767695
52	6872538	489.874429182	407.740375949
52	6872999	489.961376457	385.9623987
52	6905397	491.877474615	167.405641345
52	6919997	493.002820884	1944.145560678
52	6943904	494.154705647	738.236790154
52	6948954	494.478526193	1274.959907038
52	6962628	495.77781112	66.77359177
52	6978005	497.319728245	401.921961081
52	7019424	499.552936877	746.935002458
52	7030600	500.511260826	776.130709349
52	7044919	502.063456353	1387.230727487
52	7117304	506.000510662	1614.221181911
52	7159680	509.456210539	276.983120589
52	7160655	509.611374848	279.176039722
52	7174620	511.037722336	242.587965048
52	7211474	513.432446646	258.530842058
52	7219212	513.911425247	253.389809935
52	7253037	515.285702606	300.24087083
52	7279623	516.360526985	1235.975108552
52	7294707	517.180434474	75.952283982
52	7301379	517.485845966	1062.657345011
52	7325107	518.875808802	2565.388066996
52	7367012	521.480424401	937.912597791
52	7375597	522.252428577	411.786706448
52	7398491	524.069885981	2444.707907041
52	7441236	527.941291048	478.438087908
52	7449880	529.211403331	224.499227066
52	7456759	530.35165526	0.774382952
52	7458026	530.481703195	638.066776179
52	7472828	531.792524115	1715.931521767
52	7488399	532.640326585	671.598568332
52	7518021	534.449806281	423.012626944
52	7539832	535.651538095	908.053819795
52	7557619	536.820446017	630.359012181
52	7559996	537.15813514	1087.609057459
52	7578636	538.670352855	1176.132384238
52	7645187	543.830326656	441.106606807
52	7700633	549.887782577	1377.442102299
52	7709570	550.91066593	265.295513754
52	7726514	552.74248312	2288.226016805
52	7734739	552.968429467	286.398823479
52	7738756	553.143192003	784.692195977
52	7751641	554.420385319	1025.359246819
52	7806311	557.900028812	738.93990913
52	7813507	558.924886276	289.415953977
52	7830540	560.159322849	329.117026738
52	7875436	563.444041118	1091.776677627
52	7876492	563.543906849	23.631000959
52	7907612	564.862992592	1487.96863208
52	7908693	564.98134227	2157.526915271
52	7926492	565.646628914	1244.392370156
52	7951439	567.91241248	1510.129947313
52	8012393	574.678434232	705.023323774
52	8016898	575.093048627	95.211343985
52	8035024	576.371531974	1412.482518852
52	8035560	576.398201323	597.206897605
52	8101748	580.904928939	687.792801436
52	8136947	582.5525417	70.601583224
52	8178872	585.22581826	5311.227160289
52	8235155	590.594639	76.525197622
52	8298556	595.235827962	636.086621225
52	8301447	595.494425241	1750.561819761
52	8316759	596.964975588	7284.778659912
52	8390840	602.66386671	2253.223958825
52	8400226	604.050603362	568.290579643
52	8475545	612.642520275	8703.874996868
52	8475915	612.749994775	746.427868908
52	8475980	612.764170071	598.411629504
52	8528291	616.285194589	1059.29452698
52	8581375	619.985448894	204.358432156
52	8590689	620.963799083	462.274473159
52	8640645	624.840320572	611.856416535
52	8665029	627.738387071	2882.007626934
52	8665268	627.783796524	311.418498289
52	8747730	637.008249134	136.021190342
52	8758091	637.46207825	47.820304848
52	8767595	638.906031168	20.563283201
52	8796788	641.368800261	2582.37837653
52	8798467	641.512978067	1205.874364692
52	8844974	644.321528637	1861.231878756
52	8889789	648.097128745	608.946355343
52	8900800	649.305032154	330.933315276
52	8939443	652.212900723	261.230267601
52	8952474	653.744815616	2834.746133754
52	8954396	653.894732023	1227.672637989
52	8992965	657.021148057	346.209909331
52	9004614	657.834631097	105.547152644
52	9024719	659.887202829	26.400731612
52	9091377	664.538832848	147.177586942
52	9093529	664.772313434	783.428873907
52	9108569	666.527369023	1299.183112999
52	9195024	674.156945478	2077.401758213
52	9240300	678.852546661	1167.306070029
52	9242475	679.026290232	295.948919075
52	9304208	685.177252217	729.710255484
52	9313657	686.524417884	177.242628685
52	9316412	686.889410616	1090.912709134
52	9318525	687.175688311	117.187990008
52	9324684	688.056309809	2068.724348564
52	9329196	688.523036708	587.121441561
52	9334174	688.784761537	1343.555858493
52	9346217	689.211292222	2163.435267833
52	9379772	690.668006335	1727.453383898
52	9433904	694.730035427	1518.062551162
52	9437223	695.122224116	5259.752060191
52	9437539	695.152308149	1122.610951022
52	9501374	698.702947445	2038.28367863
52	9503557	698.897612865	348.750218952
52	9523333	699.974893976	899.493248276
52	9565205	702.949628789	1238.625513577
52	9574452	704.163475151	1040.438405944
52	9595075	704.934423803	363.287220187
52	9646058	709.979617629	1664.583046265
52	9694162	712.899681351	93.978099596
52	9694246	712.905867246	1952.003380866
52	9695400	713.01454013	414.087522909
52	9725901	715.21293767	335.134165174
52	9726305	715.236578662	164.787217912
52	9730384	715.4769403	463.774763354
52	9790883	720.291493044	1800.730025889
52	9808067	721.815564022	351.807411029
52	9853592	725.172230182	675.093878454
52	9875164	727.423713966	423.712139439
52	9881818	728.320593045	33.339315597
52	9915030	730.77156122	730.203435161
52	9919749	731.16036946	426.635029661
52	9942039	731.996606609	590.623027236
52	10021947	737.538692439	518.065929426
52	10028854	738.021601534	699.471157861
52	10055513	739.785260548	62.081183308
52	10057809	739.997310095	30.044143723
52	10064613	740.719358781	899.655839303
52	10090732	742.357293824	69.761267988
52	10109352	743.611553682	577.95332654
52	10116702	744.124496335	86.400808839
52	10208379	748.783672048	397.745788455
52	10218204	749.622914518	62.795727882
52	10223769	750.445473494	467.723943369
52	10234173	751.740386135	682.008271793
52	10288986	755.054106835	15.203505196
52	10338830	759.088986681	43.965091306
52	10389413	763.873568608	31.105220457
52	10450354	768.310138968	189.54666333
52	10453506	768.726526794	907.241609678
52	10464949	770.137601152	1840.495492109
52	10486792	771.948353465	462.74310087
52	10499753	773.127803599	385.674857206
52	10499996	773.184569717	284.940877718
52	10585556	779.434146379	2348.66884515
52	10589072	779.671875534	893.360678453
52	10616970	782.148539809	811.378008509
52	10690550	786.844579808	147.667272848
52	10710109	788.232042336	80.103585683
52	10716560	788.985425013	792.894669906
52	10741834	790.60755608	574.713185186
52	10744863	790.76943129	147.186931168
52	10802442	794.045656381	181.500433748
52	10817403	795.308709031	855.781853227
52	10819481	795.502084385	18.985657012
52	10824439	795.892497015	720.281038265
52	10857275	797.875090576	642.964775168
52	10865756	798.482289224	355.161281662
52	10904499	801.531990322	13.692623047
52	10938905	804.53388759	238.538927838
52	10947787	805.568774244	965.976648583
52	10954242	806.217082849	1002.295450685
52	10981691	807.5973049	396.454914849
52	11005612	808.729385214	820.562806021
52	11009890	809.121568497	985.270408028
52	11010364	809.166677207	2991.136533133
52	11146316	817.726615924	797.425196252
52	11182734	821.251458184	374.368854791
52	11184033	821.476337888	1072.842592398
52	11191316	822.168601432	60.586952426
52	11191481	822.203323748	1287.10443241
52	11214006	823.95803017	307.664879563
52	11223280	824.671665853	444.177046196
52	11276405	827.53059227	2023.09640492
52	11286330	828.148434927	740.231796577
52	11307749	829.70586956	463.124567402
52	11328864	831.088785031	246.932134387
52	11332795	831.487572841	1574.953465761
52	11374940	834.130090185	48.090511362
52	11396358	835.262703656	942.148509204
52	11405630	835.978584721	1710.584825785
52	11420066	836.420592732	188.633571736
52	11435752	837.415121942	3334.360765662
52	11452385	838.570298998	2381.625641844
52	11455311	838.767640883	85.815246682
52	11482885	840.132674506	31.771450978
52	11487313	840.545548426	224.791875668
52	11528337	843.00297766	612.532781458
52	11553494	843.972999136	1557.881478591
52	11554078	844.006413935	928.996506397
52	11559131	844.256115757	2099.513221876
52	11620838	847.111533446	378.622908924
52	11631846	847.851509868	442.081465384
52	11673644	850.673150735	1209.084003425
52	11695835	851.635675132	950.855050756
52	11775843	857.195619745	2020.32406604
52	11790605	858.768414151	368.269364506
52	11880037	866.747877092	1129.808204954
52	11892513	868.205413675	121.320625845
52	11892693	868.226263699	1170.896747513
52	11894155	868.391166508	137.306161101
52	11911958	869.806783807	884.356203053
52	11960821	873.728645949	619.012470036
52	11975707	875.342306722	194.617826342
52	11978196	875.55053805	143.95073059
52	11999673	877.128837934	1348.103100073
52	12027214	879.475486948	227.881069636
52	12055229	882.185536933	982.166784854
52	12073334	883.8181497	642.463268541
52	12127187	887.442307464	148.410349746
52	12141832	888.893470292	3370.876348025
52	12165095	891.061962618	1837.9638061
52	12169221	891.548075305	6936.4306465
52	12217940	896.36163115	388.414484813
52	12275467	899.729188367	182.443121442
52	12286631	900.436080832	87.69355161
52	12291430	900.765747232	212.750615248
52	12336950	904.2779066	306.907066081
52	12337002	904.282968733	338.579638526
52	12337538	904.345832929	400.050801655
52	12425008	908.71451848	370.267494358
52	12455335	911.280904666	9.644254109
52	12462261	911.93024173	4657.457161908
52	12503611	916.38046007	450.116284297
52	12547787	919.599210256	400.955458156
52	12552458	920.008486992	1820.184462167
52	12559968	920.645996135	352.490772533
52	12597357	922.891903049	98.097794647
52	12600964	923.16357597	1122.306026714
52	12621125	924.794718164	536.257043882
52	12638529	925.942073146	848.26400923
52	12669974	928.007657775	316.442176766
52	12672953	928.301150803	406.018148893
52	12693019	930.392008745	586.822633105
52	12705489	931.542241093	2104.055482713
52	12713519	931.978319713	2810.307453934
52	12719720	932.237184603	388.506163066
52	12790555	936.03502646	199.940189955
52	12804813	936.976787811	2566.302519397
52	12815921	938.420005922	266.028754843
52	12833869	939.225590428	540.621787603
52	12874812	941.917943477	416.987755782
52	12884137	942.623397567	330.616808406
52	12893719	943.399375692	363.78406458
52	12898665	943.740219377	938.782499678
52	12902339	944.054153899	484.359012142
52	12945148	946.285492474	2078.707578022
52	12948605	946.625214121	285.151997766
52	12965687	947.797514105	1538.975823363
52	12967223	947.967439567	631.866480601
52	12990382	949.354699754	647.91920521
52	13012078	951.12272948	94.823859291
52	13018497	951.42365516	939.750119172
52	13059586	953.545038237	1279.725505906
52	13065350	954.028893604	297.362977386
52	13090500	955.650528633	2047.139437464
52	13146552	959.522261739	1002.959246098
52	13163266	961.381840419	3327.028806249
52	13167576	961.521447411	170.570038251
52	13170237	961.642228869	762.828414586
52	13267251	968.708213652	470.99328992
52	13308002	971.15368162	719.045782909
52	13334103	973.714460096	131.776858826
52	13371377	976.182821031	1068.523901736
52	13382285	977.20129841	1013.122252544
52	13410900	979.154091538	1184.72374657
52	13434452	981.356367202	1546.201016985
52	13455774	983.436860549	108.285427137
52	13460056	984.073870681	661.799741291
52	13464711	984.618942261	1361.367573708
52	13495427	987.185334496	670.435185228
52	13501944	987.836580612	1267.324757995
52	13506606	987.989788161	487.519394569
52	13507628	988.056094221	951.172796903
52	13590905	992.704442902	4148.13019187
52	13602050	993.838696924	521.111698754
52	13603428	993.903210797	19.405930514
52	13613956	994.629466466	1280.005047666
52	13652537	996.772032421	62.662683423
52	13689271	999.962932148	381.767227863
52	13695649	1000.730244056	1954.927406849
52	13698046	1000.981336014	392.850691583
52	13724428	1004.121585429	71.591477677
52	13726113	1004.368680815	181.640428285
52	13773572	1007.345771081	156.28724112
52	13808686	1010.122043436	546.470643331
52	13821755	1011.404627233	263.292597585
52	13837768	1012.281550722	1192.668297175
52	13865395	1014.803812555	512.111858113
52	13876809	1015.932329541	609.029735293
52	13909317	1019.137312572	911.124243591
52	13913961	1019.679661344	810.795440301
52	13919629	1020.394242389	53.077770707
52	13975654	1023.877367152	776.799445276
52	13988413	1025.423096599	1634.32926248
52	13989125	1025.486723668	467.132715296
52	14033936	1029.426058484	573.775245407
52	14047604	1030.491061057	677.254330819
52	14106441	1035.067554367	643.081666393
52	14128291	1037.673289723	456.396371202
52	14130360	1037.870889961	2203.637632405
52	14131358	1038.047996624	1816.167008288
52	14190225	1042.421088259	458.495339388
52	14195451	1042.976639433	723.9829912
52	14225916	1045.502216185	1495.367484846
52	14262343	1048.422313205	116.158855797
52	14291460	1049.963407272	405.236424602
52	14487647	1064.395455549	1009.249033678
52	14508993	1066.632149624	829.61519552
52	14552603	1070.22587111	731.839171453
52	14567486	1071.704971826	1.503691487
52	14608791	1074.392586193	406.258729001
52	14616494	1075.316721778	755.077781707
52	14631210	1076.688787069	143.950764769
52	14687135	1082.646318549	140.184691494
52	14692173	1083.342458706	2357.96577752
52	14692571	1083.46088032	404.467913607
52	14699504	1084.532215808	5129.012302412
52	14771557	1088.984211883	386.831696328
52	14777788	1089.572869196	238.505886109
52	14783318	1089.823807703	1489.931231951
52	14805216	1091.9330236	460.311850747
52	14842938	1094.941843852	668.37464118
52	14862049	1097.012921595	941.264673138
52	14874019	1098.375381219	1228.829879488
52	14900325	1099.9928671	3064.832114966
52	14910842	1100.494923003	622.587688663
52	14948236	1102.882356237	402.917892776
52	14959132	1103.918061554	1577.122071857
52	14992508	1107.333653608	1989.820362267
52	14997283	1107.893032999	172.701582145
52	14999403	1108.221362614	1420.8572894
52	14999455	1108.229903558	762.698521302
52	15001488	1108.472869953	459.562950078
52	15010648	1109.109455656	17.623758833
52	15017736	1109.572947343	843.000108965
52	15025168	1109.838576854	333.41498055
52	15044650	1110.489179559	408.777385981
52	15048714	1110.628790904	1111.719829462
52	15071199	1111.389589129	298.847924983
52	15105504	1112.74918664	1135.337987783
52	15106971	1112.809878192	37.236775279
52	15123328	1113.428453078	1429.331597385
52	15210899	1117.956360655	424.876381852
52	15215213	1118.424811714	51.896062006
52	15245254	1120.809977378	1283.729755093
52	15271604	1122.820284087	671.602076891
52	15272376	1122.874712924	2521.834683664
52	15305494	1124.923960295	1022.780732279
52	15318508	1126.61350913	342.428649224
52	15345005	1128.886980797	126.948917277
52	15361809	1130.645178593	7132.829562048
52	15362170	1130.669727481	275.041941761
52	15370726	1131.676763624	281.821404434
52	15382017	1132.952666368	88.575216222
52	15393350	1134.00453356	99.950969846
52	15416939	1135.320681239	12.643276893
52	15434783	1136.370349693	288.988536311
52	15448155	1137.031704968	586.450825944
52	15530405	1142.850870301	675.633940028
52	15546998	1145.196474054	631.115619588
52	15553702	1146.646400217	482.443943986
52	15556155	1146.964342806	22.093949995
52	15556499	1147.06354039	900.493908054
52	15558375	1147.292838717	360.651949439
52	15560693	1147.557363176	172.554027702
53	2766361	153.182369916	6.817072636
53	2773659	154.120995049	0.938625133
53	2853320	162.242020059	8.12102501
53	2862026	163.273307642	1.031287583
53	2865810	163.821518639	0.548210997
53	2902332	167.367923809	3.54640517
53	2912610	168.772064695	1.404140886
53	2916579	169.042362365	0.27029767
53	2924621	169.192977844	0.150615479
53	2928871	169.348836405	0.155858561
53	2936045	170.080495745	0.73165934
53	2947684	170.634848808	0.554353063
53	3030384	173.485378982	2.850530174
53	3033293	174.014784955	0.529405973
53	3097528	178.912966955	4.898182
53	3141880	183.662330318	4.749363363
53	3164190	186.04095657	2.378626252
53	3181956	188.51283125	2.47187468
53	3259840	200.571675304	12.058844054
53	3272531	202.689677938	2.118002634
53	3273310	202.779369003	0.089691065
53	3330535	208.861984857	6.082615854
53	3336212	209.894463539	1.032478682
53	3374165	213.319823512	3.425359973
53	3399361	216.525441868	3.205618356
53	3414986	218.136290828	1.61084896
53	3417921	218.258471759	0.122180931
53	3428499	218.770347645	0.511875886
53	3436017	219.220310836	0.449963191
53	3449811	220.144537225	0.924226389
53	3483784	221.367645377	1.223108152
53	3490890	222.012429079	0.644783702
53	3519505	223.778687307	1.766258228
53	3550424	226.170900565	2.392213258
53	3553806	226.539122235	0.36822167
53	3592264	229.497735951	2.958613716
53	3640098	234.084970146	4.587234195
53	3655401	235.134625394	1.049655248
53	3660346	235.667811359	0.533185965
53	3685983	236.795995348	1.128183989
53	3731338	239.726693036	2.930697688
53	3731649	239.753289049	0.026596013
53	3779281	243.78844017	4.035151121
53	3820865	247.070063423	3.281623253
53	3858503	250.897713986	3.827650563
53	3864803	251.368682443	0.470968457
53	3865610	251.452447748	0.083765305
53	3871783	251.986134435	0.533686687
53	3873206	252.125543531	0.139409096
53	3891356	253.468354241	1.34281071
53	3916728	254.519903155	1.051548914
53	3990487	260.729075125	6.20917197
53	3991870	260.892005586	0.162930461
53	3991953	260.89704463	0.005039044
53	4007650	262.402547258	1.505502628
53	4100560	267.786770905	5.384223647
53	4109485	268.228832003	0.442061098
53	4156325	272.348585943	4.11975394
53	4165509	273.199821829	0.851235886
53	4195390	274.982959609	1.78313778
53	4229102	277.060395251	2.077435642
53	4237817	278.045636844	0.985241593
53	4266978	280.936749886	2.891113042
53	4270008	281.219708901	0.282959015
53	4338548	287.904699507	6.684990606
53	4345758	288.881893964	0.977194457
53	4380045	291.755621943	2.873727979
53	4405408	293.474112707	1.718490764
53	4407491	293.55493932	0.080826613
53	4411123	293.693215983	0.138276663
53	4435316	295.46615536	1.772939377
53	4506496	302.717975699	7.251820339
53	4528861	304.460441376	1.742465677
53	4545692	306.034845289	1.574403913
53	4588065	308.901312276	2.866466987
53	4658708	315.941124689	7.039812413
53	4702747	320.773712076	4.832587387
53	4729204	323.678752076	2.90504
53	4759561	326.668708381	2.989956305
53	4761223	326.966307862	0.297599481
53	4773798	328.519423512	1.55311565
53	4774626	328.615477476	0.096053964
53	4799319	330.764820716	2.14934324
53	4805301	331.433254466	0.66843375
53	4851049	334.631558481	3.198304015
53	4885438	337.077347551	2.44578907
53	4890263	337.411039132	0.333691581
53	4901661	338.610154017	1.199114885
53	4923224	340.630301493	2.020147476
53	4941532	342.298619508	1.668318015
53	4943783	342.419542216	0.120922708
53	4992848	345.536999312	3.117457096
53	5001161	346.260316776	0.723317464
53	5009540	346.619019839	0.358703063
53	5013270	347.015265325	0.396245486
53	5025585	347.604912572	0.589647247
53	5042126	348.25836152	0.653448948
53	5068814	349.586552252	1.328190732
53	5070296	349.7551022	0.168549948
53	5095757	351.43649731	1.68139511
53	5112725	352.485864054	1.049366744
53	5190673	358.014189935	5.528325881
53	5231137	360.961186054	2.946996119
53	5253687	363.525009061	2.563823007
53	5272686	366.403577653	2.878568592
53	5310771	370.562956366	4.159378713
53	5322698	372.669076764	2.106120398
53	5329708	373.480155582	0.811078818
53	5331317	373.726984975	0.246829393
53	5350080	375.994353721	2.267368746
53	5418048	381.190515078	5.196161357
53	5423353	381.872427017	0.681911939
53	5450647	384.3878775	2.515450483
53	5460917	385.31826873	0.93039123
53	5486123	387.755063545	2.436794815
53	5519403	389.818007771	2.062944226
53	5521108	390.016411775	0.198404004
53	5524995	390.407629684	0.391217909
53	5528085	390.735072563	0.327442879
53	5533245	391.114154149	0.379081586
53	5597079	394.964841638	3.850687489
53	5611878	396.267687426	1.302845788
53	5613977	396.571918796	0.30423137
53	5629162	397.815894844	1.243976048
53	5687090	400.931042365	3.115147521
53	5694650	401.850369247	0.919326882
53	5737764	405.371137391	3.520768144
53	5742559	405.85917492	0.488037529
53	5753079	406.985316521	1.126141601
53	5770314	407.859455137	0.874138616
53	5803276	409.755434646	1.895979509
53	5884364	417.479328111	7.723893465
53	5888105	417.839601476	0.360273365
53	5899556	419.343709414	1.504107938
53	5929154	422.397971647	3.054262233
53	6005826	429.177885011	6.779913364
53	6009196	429.659552908	0.481667897
53	6012307	430.091260979	0.431708071
53	6014255	430.301491664	0.210230685
53	6019108	430.889619937	0.588128273
53	6074118	435.596942957	4.70732302
53	6079093	436.167511543	0.570568586
53	6088578	437.423109556	1.255598013
53	6114551	439.826868483	2.403758927
53	6116216	440.040371736	0.213503253
53	6146288	441.824365982	1.783994246
53	6193788	444.589209898	2.764843916
53	6240554	448.191531765	3.602321867
53	6246926	448.642666508	0.451134743
53	6250624	449.086695138	0.44402863
53	6266006	450.101969998	1.01527486
53	6276188	450.803079968	0.70110997
53	6303361	452.284292957	1.481212989
53	6326424	454.376433877	2.09214092
53	6337822	455.743990614	1.367556737
53	6344612	455.946691519	0.202700905
53	6349939	456.230911936	0.284220417
53	6372978	457.921522457	1.690610521
53	6378881	458.571366307	0.64984385
53	6400086	460.135570054	1.564203747
53	6424326	461.082218191	0.946648137
53	6503233	465.43700426	4.354786069
53	6524223	466.110790321	0.673786061
53	6579656	469.818435098	3.707644777
53	6597889	471.615507595	1.797072497
53	6611673	472.626792095	1.0112845
53	6643019	474.856131208	2.229339113
53	6687605	479.226137615	4.370006407
53	6688837	479.379552475	0.15341486
53	6690459	479.554083858	0.174531383
53	6699901	480.674860546	1.120776688
53	6700521	480.860184275	0.185323729
53	6701634	481.010659448	0.150475173
53	6727781	482.262759117	1.252099669
53	6728440	482.378127596	0.115368479
53	6736909	482.997965763	0.619838167
53	6750138	483.608507131	0.610541368
53	6751452	483.710884969	0.102377838
53	6758550	484.324174721	0.613289752
53	6867886	489.425662807	5.101488086
53	6872538	489.874429182	0.448766375
53	6872999	489.961376457	0.086947275
53	6905397	491.877474615	1.916098158
53	6919997	493.002820884	1.125346269
53	6943904	494.154705647	1.151884763
53	6948954	494.478526193	0.323820546
53	6962628	495.77781112	1.299284927
53	6978005	497.319728245	1.541917125
53	7019424	499.552936877	2.233208632
53	7030600	500.511260826	0.958323949
53	7044919	502.063456353	1.552195527
53	7117304	506.000510662	3.937054309
53	7159680	509.456210539	3.455699877
53	7160655	509.611374848	0.155164309
53	7174620	511.037722336	1.426347488
53	7211474	513.432446646	2.39472431
53	7219212	513.911425247	0.478978601
53	7253037	515.285702606	1.374277359
53	7279623	516.360526985	1.074824379
53	7294707	517.180434474	0.819907489
53	7301379	517.485845966	0.305411492
53	7325107	518.875808802	1.389962836
53	7367012	521.480424401	2.604615599
53	7375597	522.252428577	0.772004176
53	7398491	524.069885981	1.817457404
53	7441236	527.941291048	3.871405067
53	7449880	529.211403331	1.270112283
53	7456759	530.35165526	1.140251929
53	7458026	530.481703195	0.130047935
53	7472828	531.792524115	1.31082092
53	7488399	532.640326585	0.84780247
53	7518021	534.449806281	1.809479696
53	7539832	535.651538095	1.201731814
53	7557619	536.820446017	1.168907922
53	7559996	537.15813514	0.337689123
53	7578636	538.670352855	1.512217715
53	7645187	543.830326656	5.159973801
53	7700633	549.887782577	6.057455921
53	7709570	550.91066593	1.022883353
53	7726514	552.74248312	1.83181719
53	7734739	552.968429467	0.225946347
53	7738756	553.143192003	0.174762536
53	7751641	554.420385319	1.277193316
53	7806311	557.900028812	3.479643493
53	7813507	558.924886276	1.024857464
53	7830540	560.159322849	1.234436573
53	7875436	563.444041118	3.284718269
53	7876492	563.543906849	0.099865731
53	7907612	564.862992592	1.319085743
53	7908693	564.98134227	0.118349678
53	7926492	565.646628914	0.665286644
53	7951439	567.91241248	2.265783566
53	8012393	574.678434232	6.766021752
53	8016898	575.093048627	0.414614395
53	8035024	576.371531974	1.278483347
53	8035560	576.398201323	0.026669349
53	8101748	580.904928939	4.506727616
53	8136947	582.5525417	1.647612761
53	8178872	585.22581826	2.67327656
53	8235155	590.594639	5.36882074
53	8298556	595.235827962	4.641188962
53	8301447	595.494425241	0.258597279
53	8316759	596.964975588	1.470550347
53	8390840	602.66386671	5.698891122
53	8400226	604.050603362	1.386736652
53	8475545	612.642520275	8.591916913
53	8475915	612.749994775	0.1074745
53	8475980	612.764170071	0.014175296
53	8528291	616.285194589	3.521024518
53	8581375	619.985448894	3.700254305
53	8590689	620.963799083	0.978350189
53	8640645	624.840320572	3.876521489
53	8665029	627.738387071	2.898066499
53	8665268	627.783796524	0.045409453
53	8747730	637.008249134	9.22445261
53	8758091	637.46207825	0.453829116
53	8767595	638.906031168	1.443952918
53	8796788	641.368800261	2.462769093
53	8798467	641.512978067	0.144177806
53	8844974	644.321528637	2.80855057
53	8889789	648.097128745	3.775600108
53	8900800	649.305032154	1.207903409
53	8939443	652.212900723	2.907868569
53	8952474	653.744815616	1.531914893
53	8954396	653.894732023	0.149916407
53	8992965	657.021148057	3.126416034
53	9004614	657.834631097	0.81348304
53	9024719	659.887202829	2.052571732
53	9091377	664.538832848	4.651630019
53	9093529	664.772313434	0.233480586
53	9108569	666.527369023	1.755055589
53	9195024	674.156945478	7.629576455
53	9240300	678.852546661	4.695601183
53	9242475	679.026290232	0.173743571
53	9304208	685.177252217	6.150961985
53	9313657	686.524417884	1.347165667
53	9316412	686.889410616	0.364992732
53	9318525	687.175688311	0.286277695
53	9324684	688.056309809	0.880621498
53	9329196	688.523036708	0.466726899
53	9334174	688.784761537	0.261724829
53	9346217	689.211292222	0.426530685
53	9379772	690.668006335	1.456714113
53	9433904	694.730035427	4.062029092
53	9437223	695.122224116	0.392188689
53	9437539	695.152308149	0.030084033
53	9501374	698.702947445	3.550639296
53	9503557	698.897612865	0.19466542
53	9523333	699.974893976	1.077281111
53	9565205	702.949628789	2.974734813
53	9574452	704.163475151	1.213846362
53	9595075	704.934423803	0.770948652
53	9646058	709.979617629	5.045193826
53	9694162	712.899681351	2.920063722
53	9694246	712.905867246	0.006185895
53	9695400	713.01454013	0.108672884
53	9725901	715.21293767	2.19839754
53	9726305	715.236578662	0.023640992
53	9730384	715.4769403	0.240361638
53	9790883	720.291493044	4.814552744
53	9808067	721.815564022	1.524070978
53	9853592	725.172230182	3.35666616
53	9875164	727.423713966	2.251483784
53	9881818	728.320593045	0.896879079
53	9915030	730.77156122	2.450968175
53	9919749	731.16036946	0.38880824
53	9942039	731.996606609	0.836237149
53	10021947	737.538692439	5.54208583
53	10028854	738.021601534	0.482909095
53	10055513	739.785260548	1.763659014
53	10057809	739.997310095	0.212049547
53	10064613	740.719358781	0.722048686
53	10090732	742.357293824	1.637935043
53	10109352	743.611553682	1.254259858
53	10116702	744.124496335	0.512942653
53	10208379	748.783672048	4.659175713
53	10218204	749.622914518	0.83924247
53	10223769	750.445473494	0.822558976
53	10234173	751.740386135	1.294912641
53	10288986	755.054106835	3.3137207
53	10338830	759.088986681	4.034879846
53	10389413	763.873568608	4.784581927
53	10450354	768.310138968	4.43657036
53	10453506	768.726526794	0.416387826
53	10464949	770.137601152	1.411074358
53	10486792	771.948353465	1.810752313
53	10499753	773.127803599	1.179450134
53	10499996	773.184569717	0.056766118
53	10585556	779.434146379	6.249576662
53	10589072	779.671875534	0.237729155
53	10616970	782.148539809	2.476664275
53	10690550	786.844579808	4.696039999
53	10710109	788.232042336	1.387462528
53	10716560	788.985425013	0.753382677
53	10741834	790.60755608	1.622131067
53	10744863	790.76943129	0.16187521
53	10802442	794.045656381	3.276225091
53	10817403	795.308709031	1.26305265
53	10819481	795.502084385	0.193375354
53	10824439	795.892497015	0.39041263
53	10857275	797.875090576	1.982593561
53	10865756	798.482289224	0.607198648
53	10904499	801.531990322	3.049701098
53	10938905	804.53388759	3.001897268
53	10947787	805.568774244	1.034886654
53	10954242	806.217082849	0.648308605
53	10981691	807.5973049	1.380222051
53	11005612	808.729385214	1.132080314
53	11009890	809.121568497	0.392183283
53	11010364	809.166677207	0.04510871
53	11146316	817.726615924	8.559938717
53	11182734	821.251458184	3.52484226
53	11184033	821.476337888	0.224879704
53	11191316	822.168601432	0.692263544
53	11191481	822.203323748	0.034722316
53	11214006	823.95803017	1.754706422
53	11223280	824.671665853	0.713635683
53	11276405	827.53059227	2.858926417
53	11286330	828.148434927	0.617842657
53	11307749	829.70586956	1.557434633
53	11328864	831.088785031	1.382915471
53	11332795	831.487572841	0.39878781
53	11374940	834.130090185	2.642517344
53	11396358	835.262703656	1.132613471
53	11405630	835.978584721	0.715881065
53	11420066	836.420592732	0.442008011
53	11435752	837.415121942	0.99452921
53	11452385	838.570298998	1.155177056
53	11455311	838.767640883	0.197341885
53	11482885	840.132674506	1.365033623
53	11487313	840.545548426	0.41287392
53	11528337	843.00297766	2.457429234
53	11553494	843.972999136	0.970021476
53	11554078	844.006413935	0.033414799
53	11559131	844.256115757	0.249701822
53	11620838	847.111533446	2.855417689
53	11631846	847.851509868	0.739976422
53	11673644	850.673150735	2.821640867
53	11695835	851.635675132	0.962524397
53	11775843	857.195619745	5.559944613
53	11790605	858.768414151	1.572794406
53	11880037	866.747877092	7.979462941
53	11892513	868.205413675	1.457536583
53	11892693	868.226263699	0.020850024
53	11894155	868.391166508	0.164902809
53	11911958	869.806783807	1.415617299
53	11960821	873.728645949	3.921862142
53	11975707	875.342306722	1.613660773
53	11978196	875.55053805	0.208231328
53	11999673	877.128837934	1.578299884
53	12027214	879.475486948	2.346649014
53	12055229	882.185536933	2.710049985
53	12073334	883.8181497	1.632612767
53	12127187	887.442307464	3.624157764
53	12141832	888.893470292	1.451162828
53	12165095	891.061962618	2.168492326
53	12169221	891.548075305	0.486112687
53	12217940	896.36163115	4.813555845
53	12275467	899.729188367	3.367557217
53	12286631	900.436080832	0.706892465
53	12291430	900.765747232	0.3296664
53	12336950	904.2779066	3.512159368
53	12337002	904.282968733	0.005062133
53	12337538	904.345832929	0.062864196
53	12425008	908.71451848	4.368685551
53	12455335	911.280904666	2.566386186
53	12462261	911.93024173	0.649337064
53	12503611	916.38046007	4.45021834
53	12547787	919.599210256	3.218750186
53	12552458	920.008486992	0.409276736
53	12559968	920.645996135	0.637509143
53	12597357	922.891903049	2.245906914
53	12600964	923.16357597	0.271672921
53	12621125	924.794718164	1.631142194
53	12638529	925.942073146	1.147354982
53	12669974	928.007657775	2.065584629
53	12672953	928.301150803	0.293493028
53	12693019	930.392008745	2.090857942
53	12705489	931.542241093	1.150232348
53	12713519	931.978319713	0.43607862
53	12719720	932.237184603	0.25886489
53	12790555	936.03502646	3.797841857
53	12804813	936.976787811	0.941761351
53	12815921	938.420005922	1.443218111
53	12833869	939.225590428	0.805584506
53	12874812	941.917943477	2.692353049
53	12884137	942.623397567	0.70545409
53	12893719	943.399375692	0.775978125
53	12898665	943.740219377	0.340843685
53	12902339	944.054153899	0.313934522
53	12945148	946.285492474	2.231338575
53	12948605	946.625214121	0.339721647
53	12965687	947.797514105	1.172299984
53	12967223	947.967439567	0.169925462
53	12990382	949.354699754	1.387260187
53	13012078	951.12272948	1.768029726
53	13018497	951.42365516	0.30092568
53	13059586	953.545038237	2.121383077
53	13065350	954.028893604	0.483855367
53	13090500	955.650528633	1.621635029
53	13146552	959.522261739	3.871733106
53	13163266	961.381840419	1.85957868
53	13167576	961.521447411	0.139606992
53	13170237	961.642228869	0.120781458
53	13267251	968.708213652	7.065984783
53	13308002	971.15368162	2.445467968
53	13334103	973.714460096	2.560778476
53	13371377	976.182821031	2.468360935
53	13382285	977.20129841	1.018477379
53	13410900	979.154091538	1.952793128
53	13434452	981.356367202	2.202275664
53	13455774	983.436860549	2.080493347
53	13460056	984.073870681	0.637010132
53	13464711	984.618942261	0.54507158
53	13495427	987.185334496	2.566392235
53	13501944	987.836580612	0.651246116
53	13506606	987.989788161	0.153207549
53	13507628	988.056094221	0.06630606
53	13590905	992.704442902	4.648348681
53	13602050	993.838696924	1.134254022
53	13603428	993.903210797	0.064513873
53	13613956	994.629466466	0.726255669
53	13652537	996.772032421	2.142565955
53	13689271	999.962932148	3.190899727
53	13695649	1000.730244056	0.767311908
53	13698046	1000.981336014	0.251091958
53	13724428	1004.121585429	3.140249415
53	13726113	1004.368680815	0.247095386
53	13773572	1007.345771081	2.977090266
53	13808686	1010.122043436	2.776272355
53	13821755	1011.404627233	1.282583797
53	13837768	1012.281550722	0.876923489
53	13865395	1014.803812555	2.522261833
53	13876809	1015.932329541	1.128516986
53	13909317	1019.137312572	3.204983031
53	13913961	1019.679661344	0.542348772
53	13919629	1020.394242389	0.714581045
53	13975654	1023.877367152	3.483124763
53	13988413	1025.423096599	1.545729447
53	13989125	1025.486723668	0.063627069
53	14033936	1029.426058484	3.939334816
53	14047604	1030.491061057	1.065002573
53	14106441	1035.067554367	4.57649331
53	14128291	1037.673289723	2.605735356
53	14130360	1037.870889961	0.197600238
53	14131358	1038.047996624	0.177106663
53	14190225	1042.421088259	4.373091635
53	14195451	1042.976639433	0.555551174
53	14225916	1045.502216185	2.525576752
53	14262343	1048.422313205	2.92009702
53	14291460	1049.963407272	1.541094067
53	14487647	1064.395455549	14.432048277
53	14508993	1066.632149624	2.236694075
53	14552603	1070.22587111	3.593721486
53	14567486	1071.704971826	1.479100716
53	14608791	1074.392586193	2.687614367
53	14616494	1075.316721778	0.924135585
53	14631210	1076.688787069	1.372065291
53	14687135	1082.646318549	5.95753148
53	14692173	1083.342458706	0.696140157
53	14692571	1083.46088032	0.118421614
53	14699504	1084.532215808	1.071335488
53	14771557	1088.984211883	4.451996075
53	14777788	1089.572869196	0.588657313
53	14783318	1089.823807703	0.250938507
53	14805216	1091.9330236	2.109215897
53	14842938	1094.941843852	3.008820252
53	14862049	1097.012921595	2.071077743
53	14874019	1098.375381219	1.362459624
53	14900325	1099.9928671	1.617485881
53	14910842	1100.494923003	0.502055903
53	14948236	1102.882356237	2.387433234
53	14959132	1103.918061554	1.035705317
53	14992508	1107.333653608	3.415592054
53	14997283	1107.893032999	0.559379391
53	14999403	1108.221362614	0.328329615
53	14999455	1108.229903558	0.008540944
53	15001488	1108.472869953	0.242966395
53	15010648	1109.109455656	0.636585703
53	15017736	1109.572947343	0.463491687
53	15025168	1109.838576854	0.265629511
53	15044650	1110.489179559	0.650602705
53	15048714	1110.628790904	0.139611345
53	15071199	1111.389589129	0.760798225
53	15105504	1112.74918664	1.359597511
53	15106971	1112.809878192	0.060691552
53	15123328	1113.428453078	0.618574886
53	15210899	1117.956360655	4.527907577
53	15215213	1118.424811714	0.468451059
53	15245254	1120.809977378	2.385165664
53	15271604	1122.820284087	2.010306709
53	15272376	1122.874712924	0.054428837
53	15305494	1124.923960295	2.049247371
53	15318508	1126.61350913	1.689548835
53	15345005	1128.886980797	2.273471667
53	15361809	1130.645178593	1.758197796
53	15362170	1130.669727481	0.024548888
53	15370726	1131.676763624	1.007036143
53	15382017	1132.952666368	1.275902744
53	15393350	1134.00453356	1.051867192
53	15416939	1135.320681239	1.316147679
53	15434783	1136.370349693	1.049668454
53	15448155	1137.031704968	0.661355275
53	15530405	1142.850870301	5.819165333
53	15546998	1145.196474054	2.345603753
53	15553702	1146.646400217	1.449926163
53	15556155	1146.964342806	0.317942589
53	15556499	1147.06354039	0.099197584
53	15558375	1147.292838717	0.229298327
53	15560693	1147.557363176	0.264524459
