version 2
run ChordDht-6-20211202-15:25:34-10332
attr Lifetime 700s
attr configname ChordDht
attr datetime 20211202-15:25:34
attr experiment ChordDht
attr inifile configs.ini
attr iterationvars $Lifetime=700s
attr iterationvars2 "$Lifetime=700s, $repetition=0"
attr measurement $Lifetime=700s
attr network oversim.underlay.simpleunderlay.SimpleUnderlayNetwork
attr processid 10332
attr repetition 0
attr replication #0
attr resultdir results
attr runnumber 6
attr seedset 6

vector 37  SimpleUnderlayNetwork.globalObserver.globalStatistics  "GlobalNodeList: Number of nodes"  ETV
vector 38  SimpleUnderlayNetwork.globalObserver.globalStatistics  "GlobalDhtTestMap: Number of stored DHT entries"  ETV
vector 39  SimpleUnderlayNetwork.globalObserver.globalStatistics  "LifetimeChurn: Time between deletes"  ETV
vector 40  SimpleUnderlayNetwork.globalObserver.globalStatistics  "LifetimeChurn: Session Time"  ETV
vector 41  SimpleUnderlayNetwork.globalObserver.globalStatistics  "LifetimeChurn: Time between creates"  ETV
37	488503	150	517
37	686067	200	516
37	853369	250	516
37	1078015	300	512
37	1234416	350	491
37	1444563	400	505
37	1639974	450	513
37	1832932	500	517
37	2055384	550	520
37	2240037	600	516
37	2473596	650	518
37	2656939	700	519
37	2864092	750	514
37	3060902	800	513
37	3241842	850	514
37	3451728	900	515
37	3636043	950	524
37	3838482	1000	520
37	4032958	1050	519
37	4220008	1100	511
38	488504	150	746
38	536667	160	837
38	586469	170	913
38	621366	180	990
38	654854	190	1073
38	686068	200	1148
38	715588	210	1239
38	748041	220	1318
38	780873	230	1396
38	808105	240	1476
38	853370	250	1554
38	902093	260	1631
38	949685	270	1727
38	995499	280	1805
38	1043750	290	1892
38	1078016	300	1959
38	1111712	310	2024
38	1142774	320	2106
38	1174461	330	2188
38	1204020	340	2275
38	1234417	350	2350
38	1262603	360	2413
38	1302944	370	2426
38	1349709	380	2403
38	1396102	390	2391
38	1444564	400	2386
38	1493510	410	2391
38	1535411	420	2418
38	1570414	430	2411
38	1604887	440	2419
38	1639975	450	2401
38	1672335	460	2401
38	1704901	470	2403
38	1742918	480	2402
38	1782793	490	2390
38	1832933	500	2401
38	1882144	510	2393
38	1931263	520	2392
38	1976307	530	2390
38	2012841	540	2387
38	2055385	550	2408
38	2094823	560	2396
38	2137215	570	2391
38	2170774	580	2389
38	2205745	590	2383
38	2240038	600	2411
38	2282972	610	2435
38	2323978	620	2422
38	2372494	630	2427
38	2418749	640	2414
38	2473597	650	2427
38	2513968	660	2424
38	2549394	670	2425
38	2583663	680	2442
38	2621743	690	2445
38	2656940	700	2429
38	2695817	710	2438
38	2731215	720	2427
38	2777961	730	2435
38	2822132	740	2441
38	2864093	750	2429
38	2905966	760	2424
38	2952433	770	2441
38	2988968	780	2437
38	3025513	790	2434
38	3060903	800	2440
38	3095044	810	2433
38	3134037	820	2447
38	3169405	830	2455
38	3202475	840	2461
38	3241843	850	2427
38	3282060	860	2449
38	3322620	870	2436
38	3364820	880	2442
38	3413051	890	2466
38	3451729	900	2442
38	3489120	910	2433
38	3528088	920	2435
38	3565112	930	2417
38	3600589	940	2439
38	3636044	950	2457
38	3669246	960	2451
38	3709326	970	2448
38	3754845	980	2434
38	3793802	990	2424
38	3838483	1000	2447
38	3878967	1010	2443
38	3920400	1020	2455
38	3958937	1030	2461
38	3996980	1040	2437
38	4032959	1050	2450
38	4071270	1060	2449
38	4105904	1070	2435
38	4140773	1080	2464
38	4179344	1090	2474
38	4220009	1100	2456
38	4257525	1110	2446
38	4298478	1120	2445
38	4338457	1130	2444
38	4374285	1140	2413
39	491214	150.495475135	2.939919251
39	491769	150.618547694	0.123072559
39	498085	151.935736697	1.317189003
39	510433	154.491501591	2.555764894
39	510998	154.613431253	0.121929662
39	523321	157.231725507	2.618294254
39	536570	159.980598033	2.748872526
39	538411	160.346734963	0.36613693
39	539711	160.575331957	0.228596994
39	562954	165.320689877	4.74535792
39	581588	169.100725801	3.780035924
39	582459	169.268534387	0.167808586
39	595972	172.312453437	3.04391905
39	599471	173.393512622	1.081059185
39	600434	173.592796693	0.199284071
39	610508	176.355153104	2.762356411
39	612568	176.903134398	0.547981294
39	615634	177.922219596	1.019085198
39	618199	178.832044385	0.909824789
39	626416	181.265735596	2.433691211
39	629392	182.223564981	0.957829385
39	632576	183.312583984	1.089019003
39	634957	183.913139635	0.600555651
39	637220	184.509506252	0.596366617
39	638112	184.756195625	0.246689373
39	641527	185.649718395	0.89352277
39	650247	188.365618221	2.715899826
39	652513	189.105766772	0.740148551
39	658998	191.310654987	2.204888215
39	659713	191.541238101	0.230583114
39	667912	194.084701319	2.543463218
39	670209	195.029031953	0.944330634
39	677844	197.41891159	2.389879637
39	679216	197.946648942	0.527737352
39	687838	200.447697506	2.501048564
39	698519	204.516530826	4.06883332
39	703498	206.172640135	1.656109309
39	717478	210.525993416	4.353353281
39	721740	211.959813196	1.43381978
39	726413	213.124146968	1.164333772
39	728019	213.549640357	0.425493389
39	728675	213.718620034	0.168979677
39	734448	215.455522885	1.736902851
39	739368	217.014845817	1.559322932
39	744413	218.939751628	1.924905811
39	744891	219.098596311	0.158844683
39	747249	219.709241047	0.610644736
39	747846	219.934940798	0.225699751
39	764623	224.985897634	5.050956836
39	767676	225.948651926	0.962754292
39	768990	226.308132634	0.359480708
39	769737	226.537237087	0.229104453
39	781374	230.152869063	3.615631976
39	782846	230.65657261	0.503703547
39	784545	231.295461987	0.638889377
39	785302	231.546502321	0.251040334
39	799642	236.868850315	5.322347994
39	800086	237.078186675	0.20933636
39	804325	238.554987766	1.476801091
39	807671	239.86325807	1.308270304
39	809261	240.30018667	0.4369286
39	814458	241.766775144	1.466588474
39	817310	242.382550323	0.615775179
39	829501	244.860923618	2.478373295
39	835462	246.128474812	1.267551194
39	835845	246.239579463	0.111104651
39	837076	246.599956906	0.360377443
39	840171	247.28227265	0.682315744
39	863449	252.019177842	4.736905192
39	866970	252.834508617	0.815330775
39	881921	255.702669854	2.868161237
39	882733	255.874921819	0.172251965
39	883549	256.063514048	0.188592229
39	884546	256.293944266	0.230430218
39	885652	256.536057318	0.242113052
39	885940	256.610293277	0.074235959
39	887932	257.093971618	0.483678341
39	889092	257.367902866	0.273931248
39	897790	259.144237955	1.776335089
39	907662	261.246694565	2.10245661
39	910911	262.042792425	0.79609786
39	914309	262.786012372	0.743219947
39	919051	263.638068857	0.852056485
39	926274	265.05857097	1.420502113
39	936428	267.168124146	2.109553176
39	941854	268.360290499	1.192166353
39	947706	269.551671184	1.191380685
39	953884	271.045600614	1.49392943
39	974360	275.476376836	4.430776222
39	975376	275.699757278	0.223380442
39	977462	275.942787277	0.243029999
39	978018	276.051637345	0.108850068
39	983412	277.211148157	1.159510812
39	992259	279.080642302	1.869494145
39	1000798	281.239143532	2.15850123
39	1010159	283.138251967	1.899108435
39	1012266	283.595954554	0.457702587
39	1013020	283.739524904	0.14357035
39	1014761	284.180470403	0.440945499
39	1014840	284.203038098	0.022567695
39	1030670	287.563886319	3.360848221
39	1035950	288.43355011	0.869663791
39	1036720	288.549690422	0.116140312
39	1044367	290.120298414	1.570607992
39	1044938	290.201280629	0.080982215
39	1051780	291.731924922	1.530644293
39	1059110	294.106661768	2.374736846
39	1059741	294.2617366	0.155074832
39	1063740	295.42271423	1.16097763
39	1066744	296.294170736	0.871456506
39	1068128	296.849430295	0.555259559
39	1069180	297.141384342	0.291954047
39	1080132	300.61208829	3.470703948
39	1081370	300.934312823	0.322224533
39	1083810	301.827459796	0.893146973
39	1085741	302.519344349	0.691884553
39	1086684	302.832502384	0.313158035
39	1088685	303.487244109	0.654741725
39	1093144	304.580533789	1.09328968
39	1096943	305.44295536	0.862421571
39	1098162	305.861301266	0.418345906
39	1100339	306.614176869	0.752875603
39	1106880	308.528198466	1.914021597
39	1113728	310.677347201	2.149148735
39	1118278	312.180307566	1.502960365
39	1118655	312.291142982	0.110835416
39	1124155	314.024639482	1.7334965
39	1126064	314.643863194	0.619223712
39	1130931	316.134381501	1.490518307
39	1132431	316.490536618	0.356155117
39	1132596	316.529714027	0.039177409
39	1134359	317.13832506	0.608611033
39	1134907	317.349048938	0.210723878
39	1136276	317.957407807	0.608358869
39	1140356	319.407858998	1.450451191
39	1146075	321.013822523	1.605963525
39	1146706	321.195189271	0.181366748
39	1160969	325.647683132	4.452493861
39	1165984	327.260259689	1.612576557
39	1172429	329.159308793	1.899049104
39	1173481	329.548867686	0.389558893
39	1175653	330.310567105	0.761699419
39	1178160	331.076862872	0.766295767
39	1179664	331.717680016	0.640817144
39	1184023	333.313405634	1.595725618
39	1184512	333.529107131	0.215701497
39	1193040	336.385853546	2.856746415
39	1197233	337.466605133	1.080751587
39	1197579	337.578401939	0.111796806
39	1199919	338.417554362	0.839152423
39	1207770	341.011049565	2.593495203
39	1226714	347.223657771	6.212608206
39	1240511	352.070432678	4.846774907
39	1242406	352.740828129	0.670395451
39	1250519	356.033925565	3.293097436
39	1276956	363.40974241	7.375816845
39	1293291	367.35576235	3.94601994
39	1301968	369.751586952	2.395824602
39	1308480	370.850321072	1.09873412
39	1324185	374.146205683	3.295884611
39	1325159	374.364568363	0.21836268
39	1325619	374.467317414	0.102749051
39	1331176	375.563583393	1.096265979
39	1334507	376.219154662	0.655571269
39	1346562	379.191090974	2.971936312
39	1351345	380.322719709	1.131628735
39	1351663	380.39499369	0.072273981
39	1351850	380.432178186	0.037184496
39	1354018	380.98692929	0.554751104
39	1356113	381.720161804	0.733232514
39	1360026	382.731604121	1.011442317
39	1367070	384.179375445	1.447771324
39	1368994	384.557040264	0.377664819
39	1380501	386.792853016	2.235812752
39	1380549	386.802815097	0.009962081
39	1382498	387.285716785	0.482901688
39	1392558	389.244543617	1.958826832
39	1396484	390.076227893	0.831684276
39	1406538	391.899747402	1.823519509
39	1447473	400.56689334	8.667145938
39	1452381	401.577322262	1.010428922
39	1452679	401.62445278	0.047130518
39	1475276	406.401192035	4.776739255
39	1481499	407.552678406	1.151486371
39	1482751	407.806758126	0.25407972
39	1485463	408.320695034	0.513936908
39	1490558	409.421883637	1.101188603
39	1502510	412.116714301	2.694830664
39	1514787	415.178615239	3.061900938
39	1520878	416.426922782	1.248307543
39	1528079	417.576190711	1.149267929
39	1530264	418.00249248	0.426301769
39	1534208	419.544899323	1.542406843
39	1543874	422.853026175	3.308126852
39	1545834	423.56096036	0.707934185
39	1548116	424.239205911	0.678245551
39	1568398	429.232235875	4.993029964
39	1573657	430.76996359	1.537727715
39	1578030	432.188503625	1.418540035
39	1578855	432.518347271	0.329843646
39	1583356	433.68151019	1.163162919
39	1588295	435.075376514	1.393866324
39	1592313	436.013517591	0.938141077
39	1594863	436.683037777	0.669520186
39	1597044	437.35811344	0.675075663
39	1608879	440.864711141	3.506597701
39	1616268	442.817788511	1.95307737
39	1618217	443.458981204	0.641192693
39	1618753	443.622602	0.163620796
39	1644496	451.507498777	7.884896777
39	1645464	451.825972928	0.318474151
39	1650494	453.379067971	1.553095043
39	1650722	453.45152201	0.072454039
39	1654877	454.850503271	1.398981261
39	1660307	455.947189242	1.096685971
39	1664228	457.108626559	1.161437317
39	1664248	457.117095826	0.008469267
39	1667831	458.467626305	1.350530479
39	1668813	458.781663585	0.31403728
39	1670129	459.178279582	0.396615997
39	1670472	459.279851419	0.101571837
39	1671504	459.692600245	0.412748826
39	1672682	460.140408886	0.447808641
39	1683576	463.579792848	3.439383962
39	1685456	464.189512457	0.609719609
39	1689659	465.157049989	0.967537532
39	1693990	466.338286081	1.181236092
39	1697854	467.447799436	1.109513355
39	1700304	468.471777977	1.023978541
39	1702945	469.321986831	0.850208854
39	1703418	469.513596416	0.191609585
39	1712053	471.842598352	2.329001936
39	1717112	473.202294421	1.359696069
39	1718796	473.638454507	0.436160086
39	1721867	474.495263714	0.856809207
39	1734938	477.47092316	2.975659446
39	1734945	477.47277907	0.00185591
39	1765308	486.014970475	8.542191405
39	1773038	487.819493468	1.804522993
39	1778471	488.982399315	1.162905847
39	1780706	489.54526	0.562860685
39	1798887	493.028507082	3.483247082
39	1799063	493.065641917	0.037134835
39	1801015	493.36218337	0.296541453
39	1803901	494.064957164	0.702773794
39	1808389	494.843366218	0.778409054
39	1818539	496.50092245	1.657556232
39	1819135	496.599485511	0.098563061
39	1830185	499.13312003	2.533634519
39	1834903	500.479853439	1.346733409
39	1849394	503.810776012	3.330922573
39	1852576	504.285462222	0.47468621
39	1853629	504.449691287	0.164229065
39	1860639	505.711043473	1.261352186
39	1865554	506.832510983	1.12146751
39	1866121	506.952155406	0.119644423
39	1874047	508.43463414	1.482478734
39	1877226	508.961180576	0.526546436
39	1878836	509.326166153	0.364985577
39	1905076	514.546429344	5.220263191
39	1914246	516.560888851	2.014459507
39	1914791	516.670290987	0.109402136
39	1917205	517.208441581	0.538150594
39	1918180	517.485299668	0.276858087
39	1918409	517.525538347	0.040238679
39	1927031	519.066705753	1.541167406
39	1929882	519.636650034	0.569944281
39	1949491	524.228419008	4.591768974
39	1951165	524.725758445	0.497339437
39	1970118	528.5181535	3.792395055
39	1970842	528.67682266	0.15866916
39	1984894	532.052582011	3.375759351
39	1985723	532.28491798	0.232335969
39	1987094	532.7996038	0.51468582
39	1987740	533.043916243	0.244312443
39	2010039	539.327424691	6.283508448
39	2018093	541.400718541	2.07329385
39	2022374	542.925911212	1.525192671
39	2023313	543.198922103	0.273010891
39	2054684	549.821364876	6.622442773
39	2054826	549.860597938	0.039233062
39	2060015	551.145376802	1.284778864
39	2060202	551.203813059	0.058436257
39	2060954	551.425500322	0.221687263
39	2063638	552.029859504	0.604359182
39	2070184	553.734938785	1.705079281
39	2070225	553.751934222	0.016995437
39	2070427	553.816031765	0.064097543
39	2072879	554.407999522	0.591967757
39	2080070	555.903586371	1.495586849
39	2080173	555.940920884	0.037334513
39	2082583	556.727677368	0.786756484
39	2085873	557.80877706	1.081099692
39	2117263	564.633271214	6.824494154
39	2124534	566.811770065	2.178498851
39	2128046	567.464554558	0.652784493
39	2130324	568.059642069	0.595087511
39	2138381	570.340003194	2.280361125
39	2138989	570.517149778	0.177146584
39	2144080	572.086542484	1.569392706
39	2145973	572.600644756	0.514102272
39	2146800	572.836427619	0.235782863
39	2147167	572.94395401	0.107526391
39	2152251	574.699047942	1.755093932
39	2155950	575.744161147	1.045113205
39	2167106	579.043545246	3.299384099
39	2180715	582.948461883	3.904916637
39	2183983	583.928670924	0.980209041
39	2185847	584.378186238	0.449515314
39	2192113	586.149351899	1.771165661
39	2203756	589.334640965	3.185289066
39	2208255	590.688762402	1.354121437
39	2209957	591.201355919	0.512593517
39	2212841	591.961867491	0.760511572
39	2218768	593.585211525	1.623344034
39	2222106	594.580251314	0.995039789
39	2222492	594.771124604	0.19087329
39	2232677	597.61386309	2.842738486
39	2238145	599.430901056	1.817037966
39	2238779	599.65995097	0.229049914
39	2240594	600.107317526	0.447366556
39	2240619	600.118526019	0.011208493
39	2249319	602.246354708	2.127828689
39	2256651	604.068640747	1.822286039
39	2292680	612.149117697	8.08047695
39	2295523	612.799041003	0.649923306
39	2303136	614.689111379	1.890070376
39	2307810	615.672876616	0.983765237
39	2316893	617.831128619	2.158252003
39	2320602	619.004909972	1.173781353
39	2326815	620.637229413	1.632319441
39	2329012	620.991565155	0.354335742
39	2332435	621.845353911	0.853788756
39	2333050	621.96438605	0.119032139
39	2334575	622.333468258	0.369082208
39	2348307	624.877209096	2.543740838
39	2355525	626.410955878	1.533746782
39	2355587	626.426572584	0.015616706
39	2359051	627.306958959	0.880386375
39	2363120	628.236143042	0.929184083
39	2373780	630.237896712	2.00175367
39	2376015	630.704070356	0.466173644
39	2376521	630.798227229	0.094156873
39	2381165	631.918014911	1.119787682
39	2382639	632.184563249	0.266548338
39	2391358	634.10458391	1.920020661
39	2392753	634.356976688	0.252392778
39	2399047	635.586299761	1.229323073
39	2399572	635.660707063	0.074407302
39	2415140	639.119167674	3.458460611
39	2415202	639.125865931	0.006698257
39	2418056	639.865980891	0.74011496
39	2422237	640.801216494	0.935235603
39	2434633	642.808941701	2.007725207
39	2438504	643.374048933	0.565107232
39	2441148	643.863209565	0.489160632
39	2444700	644.783816427	0.920606862
39	2447112	645.306160271	0.522343844
39	2462258	648.043399031	2.73723876
39	2475987	650.407125188	2.363726157
39	2477336	650.719437565	0.312312377
39	2480350	651.39921461	0.679777045
39	2486481	652.721151212	1.321936602
39	2500159	655.971384863	3.250233651
39	2501846	656.474691234	0.503306371
39	2504115	657.025604385	0.550913151
39	2505590	657.442493489	0.416889104
39	2510764	658.989000689	1.5465072
39	2514005	660.007655429	1.01865474
39	2515581	660.489165447	0.481510018
39	2518383	661.475089923	0.985924476
39	2539566	667.186009902	5.710919979
39	2548653	669.75687739	2.570867488
39	2559999	672.957142322	3.200264932
39	2581632	679.526887352	6.56974503
39	2585297	680.367266501	0.840379149
39	2585404	680.389546213	0.022279712
39	2586050	680.547617553	0.15807134
39	2593238	682.79180644	2.244188887
39	2609656	687.070577939	4.278771499
39	2612305	687.58883961	0.518261671
39	2614154	688.177697767	0.588858157
39	2619153	689.184536999	1.006839232
39	2621889	690.04953515	0.864998151
39	2622894	690.381655521	0.332120371
39	2623390	690.531734656	0.150079135
39	2633161	692.763196055	2.231461399
39	2636676	693.802772118	1.039576063
39	2647989	697.254449682	3.451677564
39	2652546	699.034369467	1.779919785
39	2657467	700.117944781	1.083575314
39	2661456	700.98168999	0.863745209
39	2662944	701.486957463	0.505267473
39	2675235	704.342187962	2.855230499
39	2689351	708.328002764	3.985814802
39	2689712	708.418503199	0.090500435
39	2693250	709.373613295	0.955110096
39	2700785	711.320002687	1.946389392
39	2703183	711.897690605	0.577687918
39	2708379	713.527141867	1.629451262
39	2711110	714.500156973	0.973015106
39	2716515	715.886820834	1.386663861
39	2724699	718.08773962	2.200918786
39	2725160	718.187335852	0.099596232
39	2726834	718.600671163	0.413335311
39	2728058	718.917378128	0.316706965
39	2744402	723.183518309	4.266140181
39	2745068	723.329759719	0.14624141
39	2749812	724.548336331	1.218576612
39	2751522	724.882257419	0.333921088
39	2752917	725.088623638	0.206366219
39	2762263	726.88542458	1.796800942
39	2763778	727.226734948	0.341310368
39	2767756	727.940775993	0.714041045
39	2770997	728.649161961	0.708385968
39	2773151	729.24020404	0.591042079
39	2776308	729.655238695	0.415034655
39	2781080	730.652533892	0.997295197
39	2783783	731.335447083	0.682913191
39	2783931	731.365212306	0.029765223
39	2787540	732.000435018	0.635222712
39	2791571	732.98864699	0.988211972
39	2795126	733.672483624	0.683836634
39	2797933	734.467201998	0.794718374
39	2812247	737.678345951	3.211143953
39	2813955	738.276734397	0.598388446
39	2814468	738.431878934	0.155144537
39	2815066	738.580463341	0.148584407
39	2827590	741.215731502	2.635268161
39	2829011	741.504484752	0.28875325
39	2829894	741.778172399	0.273687647
39	2840981	744.24422299	2.466050591
39	2844270	745.066955828	0.822732838
39	2849186	746.179470686	1.112514858
39	2850059	746.411649406	0.23217872
39	2856501	748.04361703	1.631967624
39	2861867	749.475575833	1.431958803
39	2873069	752.119735059	2.644159226
39	2874213	752.453133591	0.333398532
39	2874336	752.473654022	0.020520431
39	2879341	753.751267223	1.277613201
39	2882049	754.461516261	0.710249038
39	2887963	755.67123746	1.209721199
39	2900177	758.561949297	2.890711837
39	2901079	758.753443964	0.191494667
39	2901757	758.871410263	0.117966299
39	2921391	763.369054657	4.497644394
39	2931390	765.744884041	2.375829384
39	2939043	766.943698181	1.19881414
39	2940507	767.205518732	0.261820551
39	2943086	767.733487485	0.527968753
39	2946013	768.39099999	0.657512505
39	2951655	769.796091718	1.405091728
39	2955349	770.738565722	0.942474004
39	2959647	771.87111753	1.132551808
39	2964525	773.068266465	1.197148935
39	2988757	779.937417259	6.869150794
39	2989553	780.130626342	0.193209083
39	2995121	782.022079228	1.891452886
39	2998117	782.819214413	0.797135185
39	3002600	784.112960469	1.293746056
39	3003226	784.251880585	0.138920116
39	3005659	784.926079396	0.674198811
39	3019977	788.30136649	3.375287094
39	3023793	789.479430748	1.178064258
39	3027821	790.658355016	1.178924268
39	3028005	790.726847493	0.068492477
39	3035128	792.613483305	1.886635812
39	3046923	796.173835171	3.560351866
39	3047201	796.278166394	0.104331223
39	3072446	803.770220674	7.49205428
39	3072534	803.796814511	0.026593837
39	3083658	807.125337896	3.328523385
39	3086524	807.705414519	0.580076623
39	3102690	811.954346688	4.248932169
39	3109543	814.281733163	2.327386475
39	3112527	815.200093939	0.918360776
39	3115972	815.84535993	0.645265991
39	3119150	816.37096605	0.52560612
39	3136487	820.595167079	4.224201029
39	3147598	823.892458074	3.297290995
39	3150569	824.635501494	0.74304342
39	3159261	827.448401508	2.812900014
39	3159909	827.584319606	0.135918098
39	3162303	828.306276871	0.721957265
39	3165577	829.17274183	0.866464959
39	3168859	829.833608877	0.660867047
39	3170201	830.276587114	0.442978237
39	3178725	832.789880123	2.513293009
39	3179801	833.045822392	0.255942269
39	3182111	833.772232102	0.72640971
39	3187637	835.375009906	1.602777804
39	3195546	837.722937523	2.347927617
39	3224035	845.617254685	7.894317162
39	3228265	846.904421639	1.287166954
39	3228663	847.045037213	0.140615574
39	3233058	847.76659858	0.721561367
39	3241434	849.898428747	2.131830167
39	3243722	850.434491603	0.536062856
39	3268817	856.533725308	6.099233705
39	3268950	856.574021121	0.040295813
39	3269757	856.791847142	0.217826021
39	3274443	857.819122797	1.027275655
39	3276389	858.4557242	0.636601403
39	3279421	859.32568062	0.86995642
39	3297362	863.611244205	4.285563585
39	3299490	864.052971878	0.441727673
39	3305193	865.30100817	1.248036292
39	3317391	868.798861724	3.497853554
39	3329575	871.319307898	2.520446174
39	3335326	872.562381128	1.24307323
39	3338623	873.441072725	0.878691597
39	3344729	874.829597543	1.388524818
39	3370750	881.607271224	6.777673681
39	3372313	881.979067292	0.371796068
39	3378602	883.283925704	1.304858412
39	3379601	883.484918076	0.200992372
39	3384953	884.452457491	0.967539415
39	3385288	884.567860594	0.115403103
39	3385817	884.789143199	0.221282605
39	3398630	887.361841127	2.572697928
39	3405120	888.53774136	1.175900233
39	3414995	890.523030206	1.985288846
39	3415554	890.673119205	0.150088999
39	3416551	890.96410784	0.290988635
39	3422624	892.69612519	1.73201735
39	3455924	901.297845695	8.601720505
39	3460423	902.540255067	1.242409372
39	3472816	905.792855283	3.252600216
39	3473038	905.857480883	0.0646256
39	3491292	910.718462254	4.860981371
39	3492044	910.988094598	0.269632344
39	3494722	911.789498295	0.801403697
39	3511499	915.812872854	4.023374559
39	3515194	916.424821802	0.611948948
39	3516989	916.844740925	0.419919123
39	3519803	917.593236325	0.7484954
39	3521797	918.233334413	0.640098088
39	3522161	918.297719891	0.064385478
39	3528477	920.094155461	1.79643557
39	3532329	921.205071367	1.110915906
39	3536609	922.385870996	1.180799629
39	3544730	924.616226693	2.230355697
39	3545649	925.0398228	0.423596107
39	3556146	927.534879356	2.495056556
39	3569952	931.582723294	4.047843938
39	3571917	932.221334088	0.638610794
39	3575092	933.123586665	0.902252577
39	3585105	935.958680824	2.835094159
39	3594147	938.188887131	2.230206307
39	3598543	939.547236402	1.358349271
39	3605018	941.472639587	1.925403185
39	3607734	942.429522137	0.95688255
39	3612080	943.304695369	0.875173232
39	3613416	943.670343712	0.365648343
39	3618355	945.003239431	1.332895719
39	3620878	945.793847072	0.790607641
39	3624265	946.627242154	0.833395082
39	3624541	946.724277366	0.097035212
39	3624916	946.81763148	0.093354114
39	3626416	947.27848848	0.460857
39	3633018	949.190497728	1.912009248
39	3636832	950.254752373	1.064254645
39	3640159	951.279393309	1.024640936
39	3648264	953.463204296	2.183810987
39	3649504	953.865109292	0.401904996
39	3655382	955.835564461	1.970455169
39	3661182	957.576077894	1.740513433
39	3672969	961.154235024	3.57815713
39	3682095	963.714933182	2.560698158
39	3690392	965.567574904	1.852641722
39	3691240	965.734673141	0.167098237
39	3693011	966.136197701	0.40152456
39	3695549	966.878076062	0.741878361
39	3696381	967.06288792	0.184811858
39	3699749	967.845462846	0.782574926
39	3711396	970.410038053	2.564575207
39	3712161	970.597380485	0.187342432
39	3713114	970.812453307	0.215072822
39	3718451	972.024727768	1.212274461
39	3719775	972.299607167	0.274879399
39	3721972	972.880530564	0.580923397
39	3725751	973.895275397	1.014744833
39	3745468	977.867292921	3.972017524
39	3750013	978.85724607	0.989953149
39	3752392	979.42337233	0.56612626
39	3764204	982.310528595	2.887156265
39	3768813	983.445282773	1.134754178
39	3788729	988.733811889	5.288529116
39	3789982	989.125465755	0.391653866
39	3793455	989.934642843	0.809177088
39	3796127	990.511840317	0.577197474
39	3804523	992.555923026	2.044082709
39	3805289	992.723128905	0.167205879
39	3806018	992.898123168	0.174994263
39	3812692	994.102263999	1.204140831
39	3821813	996.08516447	1.982900471
39	3839694	1000.239887223	4.154722753
39	3843530	1001.168777659	0.928890436
39	3845040	1001.57484051	0.406062851
39	3846529	1002.061840003	0.486999493
39	3857782	1005.094216392	3.032376389
39	3861381	1005.910466914	0.816250522
39	3872897	1008.58508934	2.674622426
39	3889432	1012.641017879	4.055928539
39	3891423	1013.035768308	0.394750429
39	3897326	1014.569652512	1.533884204
39	3903660	1016.02560648	1.455953968
39	3912226	1018.0554316	2.02982512
39	3912455	1018.100659153	0.045227553
39	3920605	1020.055328958	1.954669805
39	3920862	1020.105365853	0.050036895
39	3921720	1020.314872814	0.209506961
39	3924482	1021.297692291	0.982819477
39	3925396	1021.690639664	0.392947373
39	3932036	1023.763419671	2.072780007
39	3935904	1024.90474837	1.141328699
39	3939269	1025.500178256	0.595429886
39	3944931	1026.906643313	1.406465057
39	3951757	1028.227241201	1.320597888
39	3959707	1030.201618321	1.97437712
39	3974736	1034.257907018	4.056288697
39	3976957	1034.90976757	0.651860552
39	3977083	1034.946491684	0.036724114
39	3980794	1035.863148087	0.916656403
39	3998099	1040.264068907	4.40092082
39	4002181	1041.677111951	1.413043044
39	4008730	1043.315849511	1.63873756
39	4009322	1043.42898679	0.113137279
39	4012737	1044.527723597	1.098736807
39	4025320	1047.933850422	3.406126825
39	4029107	1048.906704349	0.972853927
39	4037152	1051.041463312	2.134758963
39	4041086	1052.315036203	1.273572891
39	4064245	1058.004478473	5.68944227
39	4079279	1062.622120806	4.617642333
39	4093950	1066.834338714	4.212217908
39	4095638	1067.274868353	0.440529639
39	4100757	1068.493990547	1.219122194
39	4116349	1072.674257586	4.180267039
39	4123445	1074.522103107	1.847845521
39	4123686	1074.620198644	0.098095537
39	4124637	1074.944593722	0.324395078
39	4128713	1076.210900798	1.266307076
39	4130154	1076.607470922	0.396570124
39	4132896	1077.617449577	1.009978655
39	4134938	1078.191492319	0.574042742
39	4143612	1080.967194812	2.775702493
39	4144340	1081.177288543	0.210093731
39	4144663	1081.280139923	0.10285138
39	4144920	1081.338595574	0.058455651
39	4146929	1081.90818908	0.569593506
39	4162085	1085.785410534	3.877221454
39	4165689	1086.643988382	0.858577848
39	4169370	1087.559874158	0.915885776
39	4182093	1090.653693101	3.093818943
39	4189821	1092.393696879	1.740003778
39	4193410	1093.181290979	0.7875941
39	4207066	1096.750973942	3.569682963
39	4217746	1099.383810419	2.632836477
39	4218181	1099.509264349	0.12545393
39	4219816	1099.93902115	0.429756801
39	4223442	1100.840886313	0.901865163
39	4224881	1101.232165331	0.391279018
39	4238246	1104.759569184	3.527403853
39	4239858	1105.267701469	0.508132285
39	4252333	1108.858432404	3.590730935
39	4254150	1109.290749199	0.432316795
39	4258015	1110.130567548	0.839818349
39	4261915	1111.064333614	0.933766066
39	4270236	1113.038886359	1.974552745
39	4275697	1114.315391499	1.27650514
39	4284408	1116.295210396	1.979818897
39	4289606	1117.621031659	1.325821263
39	4296543	1119.529264749	1.90823309
39	4312206	1123.093729048	3.564464299
39	4313895	1123.618303652	0.524574604
39	4314191	1123.718851184	0.100547532
39	4329657	1127.84269071	4.123839526
39	4330856	1128.158060763	0.315370053
39	4338323	1129.969039573	1.81097881
39	4345351	1131.871982969	1.902943396
39	4345494	1131.914264792	0.042281823
39	4350106	1132.972258415	1.057993623
39	4352754	1133.663297792	0.691039377
39	4365663	1137.173439075	3.510141283
39	4371917	1138.997996702	1.824557627
39	4375897	1140.752465078	1.754468376
39	4379600	1142.605596771	1.853131693
39	4384369	1144.621545557	2.015948786
39	4384962	1144.998883792	0.377338235
39	4385952	1145.379267065	0.380383273
39	4391267	1147.238990848	1.859723783
39	4392294	1147.620128279	0.381137431
39	4395901	1148.928762407	1.308634128
40	495114	151.293688625	2805.392170487
40	496952	151.745589485	781.487744928
40	502728	152.959913406	1116.569618273
40	521603	156.79852947	309.708969307
40	522576	157.019838936	665.685575583
40	522894	157.104197936	1274.687584873
40	549319	162.718724577	619.486794155
40	553556	163.474070774	282.295892816
40	561917	165.146241638	1112.697359387
40	578062	168.402790772	605.350653192
40	578230	168.43027205	88.336503094
40	597497	172.881058437	3148.546469628
40	598686	173.286986438	521.239900914
40	607216	175.439328767	131.292596155
40	612312	176.830326573	51.719313784
40	618114	178.794505987	62.154145939
40	619630	179.385209116	523.792488651
40	629845	182.40481114	749.020010662
40	633395	183.557153735	160.991713951
40	638072	184.746016297	1052.184333771
40	641178	185.538613542	2890.947656259
40	645976	187.039082629	972.959801163
40	654736	189.963913191	1066.864941555
40	660540	191.807790382	626.962430292
40	661088	191.985046323	300.485876837
40	677075	197.109196567	532.390960406
40	677977	197.469392208	98.769751324
40	681118	198.548025113	754.640862018
40	683379	199.268462816	202.5243902
40	685431	199.812020834	366.391792225
40	689589	201.022808278	494.366737935
40	697202	203.951949684	330.68470035
40	710178	208.31865101	892.466759524
40	711782	208.809201357	19.314945611
40	717436	210.513057369	464.976108078
40	721981	212.03527998	511.383223219
40	724153	212.674719343	1336.947312276
40	725224	212.992704447	1307.794045175
40	738831	216.829476717	114.304904784
40	738877	216.836775258	115.301549802
40	739273	216.984029492	874.226871306
40	742396	218.11858063	2055.5449536
40	744971	219.136142711	728.085191377
40	746190	219.440191186	591.733643985
40	747612	219.858029133	202.694649273
40	748111	220.018400954	609.263332209
40	755362	221.934515085	1133.038847093
40	765815	225.301113539	677.060727588
40	767158	225.781104995	379.907657407
40	770716	226.875992639	2213.20609071
40	776050	228.637316027	677.326791813
40	780318	229.840573993	427.968367708
40	786084	231.818715372	219.864322405
40	791979	234.012882643	285.436808644
40	808260	240.035261162	387.763779841
40	821147	243.137837479	366.442413835
40	827054	244.362121321	29.782116634
40	834075	245.888411512	105.497442034
40	836237	246.347068534	1727.786575282
40	841272	247.482164622	867.456856528
40	849589	249.177184584	70.403349205
40	856318	250.656276944	928.918290221
40	864390	252.223621621	59.625808674
40	867245	252.885608688	64.633735661
40	869243	253.318522644	1141.625601381
40	871304	253.773846824	44.364405143
40	876935	254.777522247	1206.627357789
40	885645	256.536057318	10.502641906
40	893181	258.31844444	215.859835142
40	896256	258.794179576	481.088077843
40	907568	261.228053435	742.89741232
40	910919	262.045351152	706.417853144
40	911388	262.151241303	391.967926371
40	919996	263.777072747	668.067668178
40	929512	265.808801873	1445.079582359
40	934952	266.829932458	1346.16177101
40	950940	270.265152921	75.045414184
40	952085	270.568247539	294.253117337
40	953138	270.837980904	91.385676867
40	956167	271.657495425	80.809109708
40	961449	273.020055585	828.623932797
40	961802	273.111417422	685.55892629
40	965162	273.853072517	258.67246583
40	969578	274.671367132	107.684395218
40	972424	275.071595386	432.691600669
40	979894	276.413640705	847.444791699
40	991046	278.821032494	351.851844122
40	1002940	281.648354226	1073.752725613
40	1006283	282.411120947	1499.709636069
40	1010565	283.238330517	63.479349499
40	1014921	284.218489552	703.662041012
40	1016183	284.549100081	420.500435069
40	1021619	285.56162841	113.617747035
40	1030029	287.40829336	36.119905106
40	1030368	287.493915273	912.960368432
40	1039581	289.115972912	607.86309438
40	1041588	289.591467865	340.097643514
40	1055644	293.055127988	279.753649072
40	1057601	293.653406784	293.947237972
40	1066057	296.058881404	343.818327692
40	1069516	297.307636248	353.353070815
40	1083429	301.714172299	372.27482839
40	1087671	303.126152286	1046.64056386
40	1088108	303.307843881	1048.638645387
40	1089254	303.623814919	1892.45663906
40	1089275	303.625080494	244.418835749
40	1093043	304.544461265	264.2715705
40	1096782	305.412668448	1677.9671757
40	1103808	307.535484726	1466.738363039
40	1117851	312.026912121	275.917041889
40	1122311	313.466656611	447.944992795
40	1123430	313.799297138	491.927550355
40	1123467	313.808510177	1251.673997349
40	1123624	313.851775607	197.747709904
40	1124616	314.205044243	1227.495173658
40	1126336	314.725643778	429.929594917
40	1126610	314.804520134	781.162674678
40	1140841	319.554652195	1237.291606764
40	1176207	330.442813907	64.989364279
40	1178832	331.366005276	3213.125811601
40	1188942	335.255512095	297.575616524
40	1189396	335.348472045	18.069082317
40	1193672	336.529703364	1114.931467467
40	1210038	341.692670361	85.42404394
40	1215719	343.455682404	430.415727859
40	1230025	348.324485477	333.861524425
40	1234763	350.122117677	1545.433859808
40	1234821	350.138463922	981.120012543
40	1235982	350.524000521	181.68444106
40	1236915	350.842771806	446.976442607
40	1249911	355.79977188	675.2258346
40	1251610	356.390750356	605.426881124
40	1252427	356.679531296	1073.265531995
40	1256127	357.917026993	354.337422689
40	1257180	358.241969538	848.09450074
40	1258283	358.679948306	827.127627766
40	1263061	360.106641626	527.455739502
40	1264149	360.434324089	1050.623525156
40	1270218	361.884965961	1666.598885859
40	1282619	364.57627242	438.72509407
40	1282766	364.629029698	629.228216372
40	1285675	365.396658483	233.532012441
40	1302086	369.795187812	425.142229447
40	1303159	370.051580008	1787.491516678
40	1316094	372.412762817	770.745297946
40	1317444	372.782374818	412.0137169
40	1321461	373.614070437	100.665780982
40	1322549	373.881960717	412.989156813
40	1325082	374.341599641	229.993041324
40	1328961	375.19544446	1629.875523316
40	1336966	376.72973222	81.89286978
40	1340855	377.669252419	1834.511628351
40	1351424	380.34340036	44.078483277
40	1368228	384.428700161	460.847886953
40	1379633	386.569126924	232.499513823
40	1380645	386.827478947	1131.533289594
40	1382755	387.34510152	3288.835417731
40	1399034	390.54375351	318.259018608
40	1399132	390.567417483	32.753277551
40	1399959	390.682337553	2102.152468168
40	1401543	390.960220098	56.558127173
40	1406627	391.922364517	1797.297782365
40	1420703	394.925195125	222.321159583
40	1424244	395.675945881	82.903846967
40	1430160	396.702446181	191.133981438
40	1432419	397.346547144	142.379211301
40	1432974	397.502145982	124.330365001
40	1457933	402.795016462	212.312301064
40	1464553	404.181479777	785.429292724
40	1467200	404.902655825	321.417346862
40	1467657	405.007240041	1446.062999966
40	1468689	405.208844787	885.809728017
40	1472755	405.817968635	1396.688453097
40	1489867	409.265250817	4630.927643202
40	1503709	412.444238734	202.674287285
40	1508379	413.697964502	1405.268575397
40	1509417	413.934742077	353.538911945
40	1511921	414.531014961	384.720865624
40	1512079	414.555311565	2110.68007371
40	1514820	415.185075579	492.511049611
40	1517428	415.743741819	1280.076462364
40	1519171	416.127120483	42.331860721
40	1519403	416.165014278	249.24211091
40	1519714	416.222405145	71.979889276
40	1520484	416.346843513	1555.141078926
40	1523351	416.909523163	633.036968521
40	1533754	419.311592348	15.233306975
40	1542768	422.549466676	644.765569527
40	1544729	423.150978132	448.423042989
40	1548446	424.361593363	146.541993008
40	1548935	424.506626615	45.343876656
40	1549020	424.530177883	996.985557779
40	1564614	428.190524124	218.994039125
40	1579112	432.591900824	71.390498491
40	1584528	434.042871755	270.141665244
40	1585172	434.243611069	87.708544337
40	1585670	434.361631082	1492.159831795
40	1592306	436.013517591	10.815054988
40	1604939	440.021435932	1950.751636185
40	1605178	440.086090027	2292.031309775
40	1620182	444.043610402	227.431080832
40	1627715	446.231856254	199.566370975
40	1629745	446.872154154	517.318343574
40	1644370	451.465532398	29.872753683
40	1650943	453.553570198	1220.91615691
40	1652495	454.082207398	642.197932525
40	1659362	455.653148245	339.477478097
40	1671135	459.527298544	288.461348446
40	1681197	462.770339946	173.221225209
40	1682141	463.076543838	130.967001408
40	1684530	463.890981125	678.951709585
40	1684669	463.929992333	983.898733729
40	1688016	464.660922933	66.899965918
40	1691514	465.589413941	1237.970270944
40	1691647	465.623570902	2518.287780701
40	1693258	466.125388778	1531.173529327
40	1693287	466.129663109	1875.395277065
40	1696054	467.046488786	453.810992097
40	1701621	468.91792186	274.022854133
40	1705095	470.073554346	45.406299093
40	1705603	470.221984042	227.569822398
40	1714341	472.492644798	958.82126379
40	1719182	473.729035067	4091.30361283
40	1727445	475.762860043	1336.887488085
40	1728077	475.950599595	91.079259909
40	1729003	476.277590062	243.0645979
40	1729117	476.317221873	80.083496668
40	1744682	480.536467094	363.636274736
40	1750800	482.315192808	263.337341084
40	1750935	482.340983876	1128.150789512
40	1753898	483.030867021	2872.03924644
40	1762711	485.365120727	1410.946573992
40	1771310	487.381378933	95.083175625
40	1774741	488.238620375	112.910731524
40	1779672	489.31643054	1121.62907119
40	1779718	489.326387266	376.108104337
40	1783673	490.132101131	606.045187412
40	1784474	490.257998586	735.40251074
40	1801328	493.422597696	378.111127612
40	1803469	493.975983823	901.327085109
40	1803894	494.064957164	7.070705375
40	1814133	495.625020538	486.253055524
40	1831597	499.617685849	353.105251674
40	1833354	500.120904305	581.713434409
40	1840963	501.84255871	1155.807416876
40	1842056	502.131117185	1232.224341839
40	1844074	502.652874697	18.058168776
40	1846501	503.211599984	2908.901255781
40	1851468	504.120724678	430.973430783
40	1860275	505.611691899	431.774179097
40	1863640	506.348323756	62.386615029
40	1863834	506.377870706	1858.159647631
40	1866162	506.962468773	138.741601583
40	1868825	507.397685094	152.908475177
40	1872813	508.11347694	458.165916369
40	1881959	509.976246291	929.006843982
40	1883561	510.238471388	47.960450715
40	1893628	512.113696908	17.432732436
40	1914742	516.663431369	1530.087266013
40	1929817	519.613239603	79.764946635
40	1942163	522.579015695	839.943057768
40	1950681	524.552125843	235.514829985
40	1950791	524.579169062	656.329956934
40	1954293	525.389698511	400.328763743
40	1981566	531.08651332	1681.649117638
40	1987563	532.979380054	219.698965897
40	1990696	534.031998839	207.853425741
40	1991371	534.233710713	1054.418465192
40	1994353	535.174007494	840.091867162
40	2002595	536.976596995	99.868756916
40	2006764	538.310754516	551.633839206
40	2008109	538.756205438	401.283617362
40	2008349	538.835602275	2770.461533168
40	2009018	539.067111182	867.163302129
40	2019872	542.018230299	1171.822970462
40	2021920	542.773065075	276.023749436
40	2023084	543.13928385	69.47457924
40	2029896	544.353398275	182.54429233
40	2032094	544.886413039	360.786706166
40	2032439	544.925649083	1212.067329647
40	2042363	546.874467732	38.642682046
40	2044033	547.193447656	834.83681901
40	2051881	548.904956008	613.715172271
40	2053487	549.348259661	565.161004688
40	2057533	550.536855503	1153.585698349
40	2063527	552.0040014	57.767123204
40	2069838	553.641657293	783.639756149
40	2069938	553.662250088	118.780243401
40	2086221	557.961591159	209.491542432
40	2098550	560.920814722	1485.852230761
40	2098744	560.973945768	36.974516115
40	2100368	561.392375992	586.579882423
40	2101452	561.701656563	916.076863363
40	2104966	562.560009507	96.303200058
40	2107937	563.12702264	373.078048727
40	2117330	564.663926548	2009.872468728
40	2122604	566.254576005	367.043143886
40	2124044	566.676806496	1143.808143684
40	2124230	566.727565818	549.113320495
40	2128292	567.538142202	1686.34959778
40	2135615	569.438509533	260.761584406
40	2143626	571.960748911	327.828394288
40	2161486	577.674836574	272.700173332
40	2164929	578.414043698	728.940130744
40	2166251	578.755503889	633.666311862
40	2168311	579.401648483	1484.328921035
40	2179910	582.709415106	24.252452385
40	2180811	582.985477784	378.64176437
40	2183827	583.894251952	951.493120875
40	2184005	583.935477743	183.184257316
40	2207344	590.430162578	388.284770604
40	2210745	591.431504172	35.717613525
40	2221092	594.217515461	162.560656938
40	2227056	596.315513875	2811.96031704
40	2245641	601.627996694	438.276751676
40	2254089	603.444958251	810.369109077
40	2255723	603.858061502	740.022821511
40	2259180	604.46522707	37.841731889
40	2277164	608.502167227	97.029567429
40	2278234	608.76314678	804.705148422
40	2278437	608.81548034	1223.851512012
40	2285998	610.619279701	514.511287847
40	2295014	612.67167099	391.062140899
40	2311776	616.598217823	522.020085829
40	2322494	619.571928316	367.452799452
40	2329134	621.032020641	34.769195853
40	2338591	623.185219836	22.052676876
40	2352118	625.635307603	236.269114036
40	2357831	627.105994911	237.792433836
40	2366382	628.998106512	1416.367707425
40	2372402	629.986912495	181.291253899
40	2374107	630.320489918	1881.874973827
40	2379941	631.583961399	624.076129683
40	2383205	632.293101429	1207.579486354
40	2385050	632.675325204	583.505558082
40	2385799	632.858516438	309.676362918
40	2391351	634.10458391	4.045757388
40	2391393	634.115322623	210.718286254
40	2393490	634.513770278	570.14189969
40	2396681	635.208355472	2145.480049506
40	2401687	636.244380688	1577.657938866
40	2415195	639.125865931	13.117139693
40	2420548	640.427313808	891.489176655
40	2421100	640.548688515	1336.854670095
40	2424128	641.319226597	97.010533122
40	2425305	641.575291527	623.600293705
40	2433066	642.563963955	893.057435946
40	2434181	642.729852698	340.115610148
40	2448375	645.556102782	193.336355292
40	2449107	645.706549228	1160.43858951
40	2455253	646.698549228	580.488823728
40	2461333	647.84741351	1995.637474737
40	2461638	647.908772299	1520.880086584
40	2473152	649.903089714	566.665109318
40	2475837	650.379631003	197.41024912
40	2476340	650.482242782	103.098220559
40	2481921	651.859085169	1215.731951622
40	2485010	652.326163107	601.31062302
40	2494610	654.529246197	2611.157302723
40	2511853	659.417527658	494.580469044
40	2521976	662.709659624	107.961577836
40	2531291	665.060646367	655.402402922
40	2535059	666.116614861	370.574024803
40	2548241	669.586012001	112.35768618
40	2551480	670.536539891	45.950417572
40	2553157	670.956514592	412.537475955
40	2563880	674.163937862	1237.513190732
40	2565255	674.64304612	784.764978679
40	2570828	676.013014757	107.377985233
40	2583580	679.987375592	508.940487326
40	2584900	680.268953296	1104.880611969
40	2587942	681.097998844	65.267213462
40	2591118	682.184945726	622.743883608
40	2591437	682.32507143	492.322601575
40	2592733	682.691223195	930.862588172
40	2593889	682.985168764	2927.849346445
40	2600269	684.514331951	849.712404149
40	2600622	684.626290776	2187.768986122
40	2607652	686.531834975	636.424494096
40	2618432	688.990091383	1203.770276057
40	2628739	691.625049409	916.554589117
40	2639512	695.010135418	1795.762531668
40	2647153	697.019306283	249.563417011
40	2649288	697.78289405	529.240642276
40	2649845	697.959058696	1437.926990863
40	2652149	698.890130437	398.018058643
40	2656508	699.889078711	2335.288736435
40	2657275	700.062869474	1202.901205517
40	2658302	700.333574322	570.021826191
40	2667001	702.570265168	70.991684129
40	2670627	703.55538342	123.398963268
40	2675737	704.47388722	1955.168255975
40	2679887	705.538839575	1416.203103926
40	2682749	706.3916632	528.24384514
40	2688810	708.201207021	315.383882319
40	2689544	708.380405337	35.859798703
40	2691344	708.906591341	568.185659496
40	2692381	709.132802861	510.851638097
40	2700567	711.251322637	574.033000753
40	2708568	713.597387714	92.060967302
40	2709689	713.878845928	55.582670333
40	2717673	716.263390067	961.831711916
40	2718642	716.557397339	2189.069583184
40	2719213	716.697529194	976.61045573
40	2721303	717.282793784	118.312373295
40	2725242	718.202063251	568.088420568
40	2733906	721.037886902	509.701131537
40	2746986	723.829515821	566.441740699
40	2748491	724.251395316	136.365859369
40	2749805	724.548336331	10.837802645
40	2771571	728.783437507	1004.595181303
40	2781186	730.675484121	258.219791276
40	2785915	731.732654471	432.196107936
40	2788494	732.239316045	227.763923386
40	2788775	732.284480417	1641.769720696
40	2794272	733.48810635	139.331016447
40	2801437	735.395322046	562.097965958
40	2815794	738.775075803	1166.432754619
40	2816418	738.949611142	100.685890352
40	2822018	739.966554094	180.826301189
40	2829004	741.504484752	9.81041883
40	2830727	741.925963041	537.701452846
40	2842716	744.633863283	295.866314973
40	2845306	745.332378831	460.716942701
40	2846622	745.545947351	774.718174529
40	2852690	746.985562598	1690.07574778
40	2861578	749.403162165	852.348114489
40	2866510	750.582988845	92.723288026
40	2874125	752.440258331	762.006672159
40	2880789	754.170103768	467.848944605
40	2886448	755.416167829	2794.799964868
40	2888415	755.763672289	785.206597425
40	2891088	756.482075888	1887.066027182
40	2891840	756.63098575	1400.305815784
40	2897871	757.987496475	649.555658922
40	2911139	761.005130607	178.611096086
40	2913077	761.49955393	21.233933555
40	2926940	764.795740957	251.373036702
40	2927022	764.821719085	612.014703767
40	2933428	766.036083396	951.451177267
40	2937227	766.676636345	292.851087252
40	2944518	768.032964762	586.254737822
40	2945153	768.185148316	281.724619254
40	2948430	768.933205043	62.437761007
40	2951872	769.850697059	914.782892109
40	2953867	770.369376559	228.075906214
40	2954769	770.596274662	481.923752376
40	2959129	771.757968733	1047.638932838
40	2964888	773.169683181	341.214127238
40	2977433	776.756626375	343.511075094
40	2981446	778.028009997	737.036627439
40	2983597	778.356553546	278.320558405
40	2993922	781.646641928	3355.428356325
40	2994432	781.800964602	1441.827521332
40	2994871	781.933362846	247.636289666
40	2995690	782.257750756	654.599654089
40	3001513	783.894769377	725.141062933
40	3006321	785.11429805	517.87465158
40	3017910	787.6903011	1361.372397131
40	3021556	788.685156621	1257.81777161
40	3029390	791.162287909	429.701044415
40	3031950	791.864687788	532.581163286
40	3044236	795.323859292	2286.074569542
40	3052199	797.66668124	782.345472392
40	3057809	799.011754797	99.272170907
40	3077605	805.226848839	1064.168199953
40	3083026	806.970894063	2293.423623223
40	3083331	807.041480098	1589.747227526
40	3091061	809.071596198	572.251156622
40	3092971	809.732836969	623.442517249
40	3103033	812.056853178	937.887886437
40	3108172	813.640429458	860.146878736
40	3110580	814.570526819	628.242424546
40	3111731	815.036014301	63.575229904
40	3115132	815.621787224	2119.873826494
40	3115630	815.748067585	277.443424734
40	3120108	816.614852044	152.250257248
40	3124501	817.647123655	62.653884515
40	3139848	821.635912349	1173.507914629
40	3155755	826.439393656	59.879914242
40	3159254	827.448401508	14.64806249
40	3165144	829.03647263	2152.430937084
40	3179858	833.059468518	1100.753740019
40	3183461	834.245626464	39.210097736
40	3183881	834.407370688	774.640935928
40	3190975	836.404560315	136.171517579
40	3199006	838.649964405	188.991053474
40	3199495	838.834611689	625.077040641
40	3202136	839.860913166	365.457550958
40	3209644	842.083525918	223.957937394
40	3209979	842.151851029	1566.127235556
40	3211393	842.501026891	729.416864483
40	3213422	843.015791779	268.735182163
40	3234652	848.153900547	1082.028670003
40	3242010	850.037922022	1898.616585367
40	3253495	852.47967005	979.413397958
40	3260907	854.516952017	857.408180567
40	3274985	858.006183202	923.722462211
40	3277292	858.725937161	677.660325288
40	3279414	859.32568062	3.683074912
40	3279460	859.334323564	1601.746427654
40	3297795	863.705337102	628.5484489
40	3309358	866.529711435	104.305853026
40	3319359	869.410295644	282.763143431
40	3321764	869.888439455	112.174448465
40	3323360	870.119781443	1010.033209174
40	3331701	871.77236746	381.926763645
40	3341443	873.967154311	159.133504842
40	3349938	875.939673569	859.529510288
40	3370893	881.647675916	1924.650103327
40	3372645	882.049832122	94.104402902
40	3378632	883.295767937	144.740000371
40	3378959	883.355562655	674.991439581
40	3385441	884.641213032	41.346881566
40	3398740	887.384076933	70.045445204
40	3398990	887.441813943	218.211879158
40	3404346	888.419110371	1079.631633651
40	3423377	892.911173481	930.11956118
40	3428862	894.332779108	319.515919783
40	3432000	895.066831297	163.249018214
40	3435386	896.057815732	85.078381969
40	3438803	896.870163757	1594.473014781
40	3443205	897.988452832	1260.300732364
40	3448851	899.410619919	295.444055808
40	3455387	901.192126447	186.482131139
40	3459986	902.428148192	366.515345705
40	3461637	902.875874745	834.685135579
40	3471367	905.365489146	59.889263227
40	3484816	908.827050945	124.228380655
40	3487409	909.551550114	850.733055833
40	3491811	910.895231339	94.039411504
40	3502621	913.810937825	1170.264914836
40	3503715	914.199748021	709.404125083
40	3504489	914.419409023	670.84826854
40	3516267	916.641269359	404.413789428
40	3518024	917.152341627	3753.572499042
40	3530771	920.710492941	477.976030496
40	3536227	922.251838673	25.871747992
40	3541235	923.653397001	271.629202087
40	3541328	923.678165011	223.236099781
40	3549720	926.037084903	109.06828095
40	3557094	927.747551368	428.691224187
40	3561199	928.909862378	377.932106805
40	3561905	929.11950909	163.497940487
40	3570362	931.698182299	1347.21570446
40	3572117	932.30010726	29.424170106
40	3578722	934.352027465	979.300890071
40	3579134	934.463314697	439.34072075
40	3581951	935.180248615	57.687044306
40	3584685	935.811765099	226.427225749
40	3585122	935.975202309	26.303286171
40	3586553	936.426796803	255.667922955
40	3604306	941.198325761	1322.076500798
40	3604595	941.31994519	639.666013542
40	3605838	941.812388585	733.946027838
40	3606351	941.980429069	65.917694099
40	3609447	942.776964227	484.739991828
40	3612266	943.352219235	71.887667988
40	3617138	944.583825102	686.202103863
40	3625841	947.104621299	687.277777746
40	3633878	949.441591622	379.598210915
40	3645878	952.832756329	381.985035006
40	3651462	954.644429203	1285.593590883
40	3673443	961.316705884	1268.430782318
40	3678757	962.704301218	925.738115125
40	3679616	962.970932765	169.650098894
40	3681444	963.507113938	844.93357745
40	3688565	965.124561633	124.397541474
40	3692052	965.930671588	606.57587773
40	3695104	966.779275367	490.517763263
40	3695585	966.884533587	152.875035597
40	3697436	967.293200209	171.425650975
40	3699113	967.687581416	41.414682583
40	3703956	968.785476032	42.299688438
40	3704912	969.035751693	1300.179139759
40	3705032	969.064824923	279.11043948
40	3717588	971.85787363	66.905546041
40	3724206	973.390567797	308.17619085
40	3725192	973.690789323	362.525892137
40	3727412	974.282995231	1698.623521838
40	3738182	976.416350037	58.898522777
40	3748037	978.420957908	117.917637666
40	3752307	979.412505544	979.526993902
40	3758202	980.631968864	560.962633792
40	3762101	981.759558028	187.236787869
40	3770817	983.99326948	489.219647004
40	3776745	985.619926183	1878.45790681
40	3777232	985.737690821	59.4639275
40	3792014	989.566730423	1516.966615571
40	3809158	993.435912021	706.070437393
40	3821121	995.829848076	310.095122042
40	3821791	996.08284467	595.998995664
40	3826271	996.944806921	185.229537955
40	3827802	997.323121282	997.152974791
40	3830038	997.896351972	226.796745753
40	3830933	998.11671592	1327.581864986
40	3834593	999.012271611	624.049721239
40	3839091	1000.131941543	617.726341243
40	3856973	1004.84082189	1057.425630223
40	3856997	1004.843769667	687.895506327
40	3866380	1007.078728085	570.173076442
40	3868253	1007.467050962	233.505765367
40	3871860	1008.341827428	1463.802817217
40	3872104	1008.407183456	588.090354877
40	3876980	1009.468546095	249.306321424
40	3878540	1009.89852894	308.184147917
40	3885412	1011.69363584	196.845412724
40	3895799	1014.06803117	20.987297788
40	3905996	1016.557028027	435.653059484
40	3906594	1016.723869112	2544.525026747
40	3910070	1017.700412115	480.980696103
40	3923484	1020.980672345	1367.185732485
40	3932344	1023.850847214	403.52883241
40	3935227	1024.711549349	106.583661047
40	3941096	1025.993025249	24.870122838
40	3950822	1028.010962416	218.600433251
40	3951691	1028.21427409	74.345600068
40	3953944	1028.677459007	389.312587956
40	3960545	1030.507460663	33.399243686
40	3965342	1031.773326243	1012.288539265
40	3967248	1032.322932914	1649.276509195
40	3971573	1033.387137818	175.388867413
40	3974677	1034.237834649	1603.806140422
40	3974737	1034.258089158	257.612711776
40	3977297	1034.991642715	226.223599136
40	3983062	1036.525609972	1075.738788576
40	3988913	1037.819360047	1409.181471325
40	3990383	1038.255929779	1018.124213337
40	3995688	1039.660702753	657.287171753
40	4001504	1041.465377013	1349.449978359
40	4014058	1044.897200652	798.561470872
40	4024253	1047.637124384	772.124671103
40	4042889	1052.906258801	20.098219672
40	4044907	1053.419629193	84.674099855
40	4045402	1053.564214884	1715.340852594
40	4046445	1053.91005604	552.850985579
40	4072499	1060.359122067	505.118457327
40	4081697	1063.27288129	381.530068612
40	4082673	1063.570211921	83.301771048
40	4099190	1068.068586788	451.148147876
40	4107133	1070.30034455	1165.745278191
40	4110325	1071.294193362	806.580874263
40	4144779	1081.307766247	1049.649658161
40	4146583	1081.807441978	954.087482098
40	4152036	1083.204618698	228.699009721
40	4164016	1086.197201922	69.555263156
40	4171897	1088.146129868	1085.202955531
40	4178051	1089.667217701	129.781604946
40	4184977	1091.411403724	1469.460264801
40	4193086	1093.11022177	243.195759394
40	4201647	1095.376600732	527.41747155
40	4204754	1096.145999668	871.455143813
40	4225933	1101.525231402	1157.907087279
40	4226470	1101.650223792	1214.672748413
40	4226653	1101.729943704	1203.802505514
40	4236268	1104.179438521	107.023820487
40	4238304	1104.78069932	491.944032345
40	4239715	1105.235174669	301.686111301
40	4241651	1105.729350117	399.438788684
40	4244720	1106.539371071	1885.019300995
40	4256370	1109.776956326	16.287377288
40	4270229	1113.038886359	11.895703729
40	4317450	1124.947552038	673.580901302
40	4322752	1126.147735961	289.732565593
40	4330909	1128.171927152	584.052709185
40	4332193	1128.472248551	625.418915436
40	4343963	1131.492877187	1865.692431227
40	4350255	1133.010444858	222.715276251
40	4350337	1133.021462564	268.344778888
40	4360850	1135.972477961	103.176018091
40	4363807	1136.859783736	1433.05905034
40	4364452	1136.904719578	441.814745145
40	4370800	1138.455858002	29.315551506
40	4372146	1139.156563519	216.424404457
40	4378339	1141.934842216	1569.511780979
40	4378379	1141.958950023	312.876592152
40	4378697	1142.167399714	188.910922536
40	4389339	1146.299395071	825.809240194
40	4390085	1146.668955908	96.231014476
40	4395372	1148.719754375	148.51467067
40	4397054	1149.376998545	1096.229067311
40	4397475	1149.527511978	638.888873923
40	4397699	1149.614763978	375.767708745
41	495114	151.293688625	1.486661864
41	496952	151.745589485	0.45190086
41	502728	152.959913406	1.214323921
41	521603	156.79852947	3.838616064
41	522576	157.019838936	0.221309466
41	522894	157.104197936	0.084359
41	549319	162.718724577	5.614526641
41	553556	163.474070774	0.755346197
41	561917	165.146241638	1.672170864
41	578062	168.402790772	3.256549134
41	578230	168.43027205	0.027481278
41	597497	172.881058437	4.450786387
41	598686	173.286986438	0.405928001
41	607216	175.439328767	2.152342329
41	612312	176.830326573	1.390997806
41	618114	178.794505987	1.964179414
41	619630	179.385209116	0.590703129
41	629845	182.40481114	3.019602024
41	633395	183.557153735	1.152342595
41	638072	184.746016297	1.188862562
41	641178	185.538613542	0.792597245
41	645976	187.039082629	1.500469087
41	654736	189.963913191	2.924830562
41	660540	191.807790382	1.843877191
41	661088	191.985046323	0.177255941
41	677075	197.109196567	5.124150244
41	677977	197.469392208	0.360195641
41	681118	198.548025113	1.078632905
41	683379	199.268462816	0.720437703
41	685431	199.812020834	0.543558018
41	689589	201.022808278	1.210787444
41	697202	203.951949684	2.929141406
41	710178	208.31865101	4.366701326
41	711782	208.809201357	0.490550347
41	717436	210.513057369	1.703856012
41	721981	212.03527998	1.522222611
41	724153	212.674719343	0.639439363
41	725224	212.992704447	0.317985104
41	738831	216.829476717	3.83677227
41	738877	216.836775258	0.007298541
41	739273	216.984029492	0.147254234
41	742396	218.11858063	1.134551138
41	744971	219.136142711	1.017562081
41	746190	219.440191186	0.304048475
41	747612	219.858029133	0.417837947
41	748111	220.018400954	0.160371821
41	755362	221.934515085	1.916114131
41	765815	225.301113539	3.366598454
41	767158	225.781104995	0.479991456
41	770716	226.875992639	1.094887644
41	776050	228.637316027	1.761323388
41	780318	229.840573993	1.203257966
41	786084	231.818715372	1.978141379
41	791979	234.012882643	2.194167271
41	808260	240.035261162	6.022378519
41	821147	243.137837479	3.102576317
41	827054	244.362121321	1.224283842
41	834075	245.888411512	1.526290191
41	836237	246.347068534	0.458657022
41	841272	247.482164622	1.135096088
41	849589	249.177184584	1.695019962
41	856318	250.656276944	1.47909236
41	864390	252.223621621	1.567344677
41	867245	252.885608688	0.661987067
41	869243	253.318522644	0.432913956
41	871304	253.773846824	0.45532418
41	876935	254.777522247	1.003675423
41	885645	256.536057318	1.758535071
41	893181	258.31844444	1.782387122
41	896256	258.794179576	0.475735136
41	907568	261.228053435	2.433873859
41	910919	262.045351152	0.817297717
41	911388	262.151241303	0.105890151
41	919996	263.777072747	1.625831444
41	929512	265.808801873	2.031729126
41	934952	266.829932458	1.021130585
41	950940	270.265152921	3.435220463
41	952085	270.568247539	0.303094618
41	953138	270.837980904	0.269733365
41	956167	271.657495425	0.819514521
41	961449	273.020055585	1.36256016
41	961802	273.111417422	0.091361837
41	965162	273.853072517	0.741655095
41	969578	274.671367132	0.818294615
41	972424	275.071595386	0.400228254
41	979894	276.413640705	1.342045319
41	991046	278.821032494	2.407391789
41	1002940	281.648354226	2.827321732
41	1006283	282.411120947	0.762766721
41	1010565	283.238330517	0.82720957
41	1014921	284.218489552	0.980159035
41	1016183	284.549100081	0.330610529
41	1021619	285.56162841	1.012528329
41	1030029	287.40829336	1.84666495
41	1030368	287.493915273	0.085621913
41	1039581	289.115972912	1.622057639
41	1041588	289.591467865	0.475494953
41	1055644	293.055127988	3.463660123
41	1057601	293.653406784	0.598278796
41	1066057	296.058881404	2.40547462
41	1069516	297.307636248	1.248754844
41	1083429	301.714172299	4.406536051
41	1087671	303.126152286	1.411979987
41	1088108	303.307843881	0.181691595
41	1089254	303.623814919	0.315971038
41	1089275	303.625080494	0.001265575
41	1093043	304.544461265	0.919380771
41	1096782	305.412668448	0.868207183
41	1103808	307.535484726	2.122816278
41	1117851	312.026912121	4.491427395
41	1122311	313.466656611	1.43974449
41	1123430	313.799297138	0.332640527
41	1123467	313.808510177	0.009213039
41	1123624	313.851775607	0.04326543
41	1124616	314.205044243	0.353268636
41	1126336	314.725643778	0.520599535
41	1126610	314.804520134	0.078876356
41	1140841	319.554652195	4.750132061
41	1176207	330.442813907	10.888161712
41	1178832	331.366005276	0.923191369
41	1188942	335.255512095	3.889506819
41	1189396	335.348472045	0.09295995
41	1193672	336.529703364	1.181231319
41	1210038	341.692670361	5.162966997
41	1215719	343.455682404	1.763012043
41	1230025	348.324485477	4.868803073
41	1234763	350.122117677	1.7976322
41	1234821	350.138463922	0.016346245
41	1235982	350.524000521	0.385536599
41	1236915	350.842771806	0.318771285
41	1249911	355.79977188	4.957000074
41	1251610	356.390750356	0.590978476
41	1252427	356.679531296	0.28878094
41	1256127	357.917026993	1.237495697
41	1257180	358.241969538	0.324942545
41	1258283	358.679948306	0.437978768
41	1263061	360.106641626	1.42669332
41	1264149	360.434324089	0.327682463
41	1270218	361.884965961	1.450641872
41	1282619	364.57627242	2.691306459
41	1282766	364.629029698	0.052757278
41	1285675	365.396658483	0.767628785
41	1302086	369.795187812	4.398529329
41	1303159	370.051580008	0.256392196
41	1316094	372.412762817	2.361182809
41	1317444	372.782374818	0.369612001
41	1321461	373.614070437	0.831695619
41	1322549	373.881960717	0.26789028
41	1325082	374.341599641	0.459638924
41	1328961	375.19544446	0.853844819
41	1336966	376.72973222	1.53428776
41	1340855	377.669252419	0.939520199
41	1351424	380.34340036	2.674147941
41	1368228	384.428700161	4.085299801
41	1379633	386.569126924	2.140426763
41	1380645	386.827478947	0.258352023
41	1382755	387.34510152	0.517622573
41	1399034	390.54375351	3.19865199
41	1399132	390.567417483	0.023663973
41	1399959	390.682337553	0.11492007
41	1401543	390.960220098	0.277882545
41	1406627	391.922364517	0.962144419
41	1420703	394.925195125	3.002830608
41	1424244	395.675945881	0.750750756
41	1430160	396.702446181	1.0265003
41	1432419	397.346547144	0.644100963
41	1432974	397.502145982	0.155598838
41	1457933	402.795016462	5.29287048
41	1464553	404.181479777	1.386463315
41	1467200	404.902655825	0.721176048
41	1467657	405.007240041	0.104584216
41	1468689	405.208844787	0.201604746
41	1472755	405.817968635	0.609123848
41	1489867	409.265250817	3.447282182
41	1503709	412.444238734	3.178987917
41	1508379	413.697964502	1.253725768
41	1509417	413.934742077	0.236777575
41	1511921	414.531014961	0.596272884
41	1512079	414.555311565	0.024296604
41	1514820	415.185075579	0.629764014
41	1517428	415.743741819	0.55866624
41	1519171	416.127120483	0.383378664
41	1519403	416.165014278	0.037893795
41	1519714	416.222405145	0.057390867
41	1520484	416.346843513	0.124438368
41	1523351	416.909523163	0.56267965
41	1533754	419.311592348	2.402069185
41	1542768	422.549466676	3.237874328
41	1544729	423.150978132	0.601511456
41	1548446	424.361593363	1.210615231
41	1548935	424.506626615	0.145033252
41	1549020	424.530177883	0.023551268
41	1564614	428.190524124	3.660346241
41	1579112	432.591900824	4.4013767
41	1584528	434.042871755	1.450970931
41	1585172	434.243611069	0.200739314
41	1585670	434.361631082	0.118020013
41	1592306	436.013517591	1.651886509
41	1604939	440.021435932	4.007918341
41	1605178	440.086090027	0.064654095
41	1620182	444.043610402	3.957520375
41	1627715	446.231856254	2.188245852
41	1629745	446.872154154	0.6402979
41	1644370	451.465532398	4.593378244
41	1650943	453.553570198	2.0880378
41	1652495	454.082207398	0.5286372
41	1659362	455.653148245	1.570940847
41	1671135	459.527298544	3.874150299
41	1681197	462.770339946	3.243041402
41	1682141	463.076543838	0.306203892
41	1684530	463.890981125	0.814437287
41	1684669	463.929992333	0.039011208
41	1688016	464.660922933	0.7309306
41	1691514	465.589413941	0.928491008
41	1691647	465.623570902	0.034156961
41	1693258	466.125388778	0.501817876
41	1693287	466.129663109	0.004274331
41	1696054	467.046488786	0.916825677
41	1701621	468.91792186	1.871433074
41	1705095	470.073554346	1.155632486
41	1705603	470.221984042	0.148429696
41	1714341	472.492644798	2.270660756
41	1719182	473.729035067	1.236390269
41	1727445	475.762860043	2.033824976
41	1728077	475.950599595	0.187739552
41	1729003	476.277590062	0.326990467
41	1729117	476.317221873	0.039631811
41	1744682	480.536467094	4.219245221
41	1750800	482.315192808	1.778725714
41	1750935	482.340983876	0.025791068
41	1753898	483.030867021	0.689883145
41	1762711	485.365120727	2.334253706
41	1771310	487.381378933	2.016258206
41	1774741	488.238620375	0.857241442
41	1779672	489.31643054	1.077810165
41	1779718	489.326387266	0.009956726
41	1783673	490.132101131	0.805713865
41	1784474	490.257998586	0.125897455
41	1801328	493.422597696	3.16459911
41	1803469	493.975983823	0.553386127
41	1803894	494.064957164	0.088973341
41	1814133	495.625020538	1.560063374
41	1831597	499.617685849	3.992665311
41	1833354	500.120904305	0.503218456
41	1840963	501.84255871	1.721654405
41	1842056	502.131117185	0.288558475
41	1844074	502.652874697	0.521757512
41	1846501	503.211599984	0.558725287
41	1851468	504.120724678	0.909124694
41	1860275	505.611691899	1.490967221
41	1863640	506.348323756	0.736631857
41	1863834	506.377870706	0.02954695
41	1866162	506.962468773	0.584598067
41	1868825	507.397685094	0.435216321
41	1872813	508.11347694	0.715791846
41	1881959	509.976246291	1.862769351
41	1883561	510.238471388	0.262225097
41	1893628	512.113696908	1.87522552
41	1914742	516.663431369	4.549734461
41	1929817	519.613239603	2.949808234
41	1942163	522.579015695	2.965776092
41	1950681	524.552125843	1.973110148
41	1950791	524.579169062	0.027043219
41	1954293	525.389698511	0.810529449
41	1981566	531.08651332	5.696814809
41	1987563	532.979380054	1.892866734
41	1990696	534.031998839	1.052618785
41	1991371	534.233710713	0.201711874
41	1994353	535.174007494	0.940296781
41	2002595	536.976596995	1.802589501
41	2006764	538.310754516	1.334157521
41	2008109	538.756205438	0.445450922
41	2008349	538.835602275	0.079396837
41	2009018	539.067111182	0.231508907
41	2019872	542.018230299	2.951119117
41	2021920	542.773065075	0.754834776
41	2023084	543.13928385	0.366218775
41	2029896	544.353398275	1.214114425
41	2032094	544.886413039	0.533014764
41	2032439	544.925649083	0.039236044
41	2042363	546.874467732	1.948818649
41	2044033	547.193447656	0.318979924
41	2051881	548.904956008	1.711508352
41	2053487	549.348259661	0.443303653
41	2057533	550.536855503	1.188595842
41	2063527	552.0040014	1.467145897
41	2069838	553.641657293	1.637655893
41	2069938	553.662250088	0.020592795
41	2086221	557.961591159	4.299341071
41	2098550	560.920814722	2.959223563
41	2098744	560.973945768	0.053131046
41	2100368	561.392375992	0.418430224
41	2101452	561.701656563	0.309280571
41	2104966	562.560009507	0.858352944
41	2107937	563.12702264	0.567013133
41	2117330	564.663926548	1.536903908
41	2122604	566.254576005	1.590649457
41	2124044	566.676806496	0.422230491
41	2124230	566.727565818	0.050759322
41	2128292	567.538142202	0.810576384
41	2135615	569.438509533	1.900367331
41	2143626	571.960748911	2.522239378
41	2161486	577.674836574	5.714087663
41	2164929	578.414043698	0.739207124
41	2166251	578.755503889	0.341460191
41	2168311	579.401648483	0.646144594
41	2179910	582.709415106	3.307766623
41	2180811	582.985477784	0.276062678
41	2183827	583.894251952	0.908774168
41	2184005	583.935477743	0.041225791
41	2207344	590.430162578	6.494684835
41	2210745	591.431504172	1.001341594
41	2221092	594.217515461	2.786011289
41	2227056	596.315513875	2.097998414
41	2245641	601.627996694	5.312482819
41	2254089	603.444958251	1.816961557
41	2255723	603.858061502	0.413103251
41	2259180	604.46522707	0.607165568
41	2277164	608.502167227	4.036940157
41	2278234	608.76314678	0.260979553
41	2278437	608.81548034	0.05233356
41	2285998	610.619279701	1.803799361
41	2295014	612.67167099	2.052391289
41	2311776	616.598217823	3.926546833
41	2322494	619.571928316	2.973710493
41	2329134	621.032020641	1.460092325
41	2338591	623.185219836	2.153199195
41	2352118	625.635307603	2.450087767
41	2357831	627.105994911	1.470687308
41	2366382	628.998106512	1.892111601
41	2372402	629.986912495	0.988805983
41	2374107	630.320489918	0.333577423
41	2379941	631.583961399	1.263471481
41	2383205	632.293101429	0.70914003
41	2385050	632.675325204	0.382223775
41	2385799	632.858516438	0.183191234
41	2391351	634.10458391	1.246067472
41	2391393	634.115322623	0.010738713
41	2393490	634.513770278	0.398447655
41	2396681	635.208355472	0.694585194
41	2401687	636.244380688	1.036025216
41	2415195	639.125865931	2.881485243
41	2420548	640.427313808	1.301447877
41	2421100	640.548688515	0.121374707
41	2424128	641.319226597	0.770538082
41	2425305	641.575291527	0.25606493
41	2433066	642.563963955	0.988672428
41	2434181	642.729852698	0.165888743
41	2448375	645.556102782	2.826250084
41	2449107	645.706549228	0.150446446
41	2455253	646.698549228	0.992
41	2461333	647.84741351	1.148864282
41	2461638	647.908772299	0.061358789
41	2473152	649.903089714	1.994317415
41	2475837	650.379631003	0.476541289
41	2476340	650.482242782	0.102611779
41	2481921	651.859085169	1.376842387
41	2485010	652.326163107	0.467077938
41	2494610	654.529246197	2.20308309
41	2511853	659.417527658	4.888281461
41	2521976	662.709659624	3.292131966
41	2531291	665.060646367	2.350986743
41	2535059	666.116614861	1.055968494
41	2548241	669.586012001	3.46939714
41	2551480	670.536539891	0.95052789
41	2553157	670.956514592	0.419974701
41	2563880	674.163937862	3.20742327
41	2565255	674.64304612	0.479108258
41	2570828	676.013014757	1.369968637
41	2583580	679.987375592	3.974360835
41	2584900	680.268953296	0.281577704
41	2587942	681.097998844	0.829045548
41	2591118	682.184945726	1.086946882
41	2591437	682.32507143	0.140125704
41	2592733	682.691223195	0.366151765
41	2593889	682.985168764	0.293945569
41	2600269	684.514331951	1.529163187
41	2600622	684.626290776	0.111958825
41	2607652	686.531834975	1.905544199
41	2618432	688.990091383	2.458256408
41	2628739	691.625049409	2.634958026
41	2639512	695.010135418	3.385086009
41	2647153	697.019306283	2.009170865
41	2649288	697.78289405	0.763587767
41	2649845	697.959058696	0.176164646
41	2652149	698.890130437	0.931071741
41	2656508	699.889078711	0.998948274
41	2657275	700.062869474	0.173790763
41	2658302	700.333574322	0.270704848
41	2667001	702.570265168	2.236690846
41	2670627	703.55538342	0.985118252
41	2675737	704.47388722	0.9185038
41	2679887	705.538839575	1.064952355
41	2682749	706.3916632	0.852823625
41	2688810	708.201207021	1.809543821
41	2689544	708.380405337	0.179198316
41	2691344	708.906591341	0.526186004
41	2692381	709.132802861	0.22621152
41	2700567	711.251322637	2.118519776
41	2708568	713.597387714	2.346065077
41	2709689	713.878845928	0.281458214
41	2717673	716.263390067	2.384544139
41	2718642	716.557397339	0.294007272
41	2719213	716.697529194	0.140131855
41	2721303	717.282793784	0.58526459
41	2725242	718.202063251	0.919269467
41	2733906	721.037886902	2.835823651
41	2746986	723.829515821	2.791628919
41	2748491	724.251395316	0.421879495
41	2749805	724.548336331	0.296941015
41	2771571	728.783437507	4.235101176
41	2781186	730.675484121	1.892046614
41	2785915	731.732654471	1.05717035
41	2788494	732.239316045	0.506661574
41	2788775	732.284480417	0.045164372
41	2794272	733.48810635	1.203625933
41	2801437	735.395322046	1.907215696
41	2815794	738.775075803	3.379753757
41	2816418	738.949611142	0.174535339
41	2822018	739.966554094	1.016942952
41	2829004	741.504484752	1.537930658
41	2830727	741.925963041	0.421478289
41	2842716	744.633863283	2.707900242
41	2845306	745.332378831	0.698515548
41	2846622	745.545947351	0.21356852
41	2852690	746.985562598	1.439615247
41	2861578	749.403162165	2.417599567
41	2866510	750.582988845	1.17982668
41	2874125	752.440258331	1.857269486
41	2880789	754.170103768	1.729845437
41	2886448	755.416167829	1.246064061
41	2888415	755.763672289	0.34750446
41	2891088	756.482075888	0.718403599
41	2891840	756.63098575	0.148909862
41	2897871	757.987496475	1.356510725
41	2911139	761.005130607	3.017634132
41	2913077	761.49955393	0.494423323
41	2926940	764.795740957	3.296187027
41	2927022	764.821719085	0.025978128
41	2933428	766.036083396	1.214364311
41	2937227	766.676636345	0.640552949
41	2944518	768.032964762	1.356328417
41	2945153	768.185148316	0.152183554
41	2948430	768.933205043	0.748056727
41	2951872	769.850697059	0.917492016
41	2953867	770.369376559	0.5186795
41	2954769	770.596274662	0.226898103
41	2959129	771.757968733	1.161694071
41	2964888	773.169683181	1.411714448
41	2977433	776.756626375	3.586943194
41	2981446	778.028009997	1.271383622
41	2983597	778.356553546	0.328543549
41	2993922	781.646641928	3.290088382
41	2994432	781.800964602	0.154322674
41	2994871	781.933362846	0.132398244
41	2995690	782.257750756	0.32438791
41	3001513	783.894769377	1.637018621
41	3006321	785.11429805	1.219528673
41	3017910	787.6903011	2.57600305
41	3021556	788.685156621	0.994855521
41	3029390	791.162287909	2.477131288
41	3031950	791.864687788	0.702399879
41	3044236	795.323859292	3.459171504
41	3052199	797.66668124	2.342821948
41	3057809	799.011754797	1.345073557
41	3077605	805.226848839	6.215094042
41	3083026	806.970894063	1.744045224
41	3083331	807.041480098	0.070586035
41	3091061	809.071596198	2.0301161
41	3092971	809.732836969	0.661240771
41	3103033	812.056853178	2.324016209
41	3108172	813.640429458	1.58357628
41	3110580	814.570526819	0.930097361
41	3111731	815.036014301	0.465487482
41	3115132	815.621787224	0.585772923
41	3115630	815.748067585	0.126280361
41	3120108	816.614852044	0.866784459
41	3124501	817.647123655	1.032271611
41	3139848	821.635912349	3.988788694
41	3155755	826.439393656	4.803481307
41	3159254	827.448401508	1.009007852
41	3165144	829.03647263	1.588071122
41	3179858	833.059468518	4.022995888
41	3183461	834.245626464	1.186157946
41	3183881	834.407370688	0.161744224
41	3190975	836.404560315	1.997189627
41	3199006	838.649964405	2.24540409
41	3199495	838.834611689	0.184647284
41	3202136	839.860913166	1.026301477
41	3209644	842.083525918	2.222612752
41	3209979	842.151851029	0.068325111
41	3211393	842.501026891	0.349175862
41	3213422	843.015791779	0.514764888
41	3234652	848.153900547	5.138108768
41	3242010	850.037922022	1.884021475
41	3253495	852.47967005	2.441748028
41	3260907	854.516952017	2.037281967
41	3274985	858.006183202	3.489231185
41	3277292	858.725937161	0.719753959
41	3279414	859.32568062	0.599743459
41	3279460	859.334323564	0.008642944
41	3297795	863.705337102	4.371013538
41	3309358	866.529711435	2.824374333
41	3319359	869.410295644	2.880584209
41	3321764	869.888439455	0.478143811
41	3323360	870.119781443	0.231341988
41	3331701	871.77236746	1.652586017
41	3341443	873.967154311	2.194786851
41	3349938	875.939673569	1.972519258
41	3370893	881.647675916	5.708002347
41	3372645	882.049832122	0.402156206
41	3378632	883.295767937	1.245935815
41	3378959	883.355562655	0.059794718
41	3385441	884.641213032	1.285650377
41	3398740	887.384076933	2.742863901
41	3398990	887.441813943	0.05773701
41	3404346	888.419110371	0.977296428
41	3423377	892.911173481	4.49206311
41	3428862	894.332779108	1.421605627
41	3432000	895.066831297	0.734052189
41	3435386	896.057815732	0.990984435
41	3438803	896.870163757	0.812348025
41	3443205	897.988452832	1.118289075
41	3448851	899.410619919	1.422167087
41	3455387	901.192126447	1.781506528
41	3459986	902.428148192	1.236021745
41	3461637	902.875874745	0.447726553
41	3471367	905.365489146	2.489614401
41	3484816	908.827050945	3.461561799
41	3487409	909.551550114	0.724499169
41	3491811	910.895231339	1.343681225
41	3502621	913.810937825	2.915706486
41	3503715	914.199748021	0.388810196
41	3504489	914.419409023	0.219661002
41	3516267	916.641269359	2.221860336
41	3518024	917.152341627	0.511072268
41	3530771	920.710492941	3.558151314
41	3536227	922.251838673	1.541345732
41	3541235	923.653397001	1.401558328
41	3541328	923.678165011	0.02476801
41	3549720	926.037084903	2.358919892
41	3557094	927.747551368	1.710466465
41	3561199	928.909862378	1.16231101
41	3561905	929.11950909	0.209646712
41	3570362	931.698182299	2.578673209
41	3572117	932.30010726	0.601924961
41	3578722	934.352027465	2.051920205
41	3579134	934.463314697	0.111287232
41	3581951	935.180248615	0.716933918
41	3584685	935.811765099	0.631516484
41	3585122	935.975202309	0.16343721
41	3586553	936.426796803	0.451594494
41	3604306	941.198325761	4.771528958
41	3604595	941.31994519	0.121619429
41	3605838	941.812388585	0.492443395
41	3606351	941.980429069	0.168040484
41	3609447	942.776964227	0.796535158
41	3612266	943.352219235	0.575255008
41	3617138	944.583825102	1.231605867
41	3625841	947.104621299	2.520796197
41	3633878	949.441591622	2.336970323
41	3645878	952.832756329	3.391164707
41	3651462	954.644429203	1.811672874
41	3673443	961.316705884	6.672276681
41	3678757	962.704301218	1.387595334
41	3679616	962.970932765	0.266631547
41	3681444	963.507113938	0.536181173
41	3688565	965.124561633	1.617447695
41	3692052	965.930671588	0.806109955
41	3695104	966.779275367	0.848603779
41	3695585	966.884533587	0.10525822
41	3697436	967.293200209	0.408666622
41	3699113	967.687581416	0.394381207
41	3703956	968.785476032	1.097894616
41	3704912	969.035751693	0.250275661
41	3705032	969.064824923	0.02907323
41	3717588	971.85787363	2.793048707
41	3724206	973.390567797	1.532694167
41	3725192	973.690789323	0.300221526
41	3727412	974.282995231	0.592205908
41	3738182	976.416350037	2.133354806
41	3748037	978.420957908	2.004607871
41	3752307	979.412505544	0.991547636
41	3758202	980.631968864	1.21946332
41	3762101	981.759558028	1.127589164
41	3770817	983.99326948	2.233711452
41	3776745	985.619926183	1.626656703
41	3777232	985.737690821	0.117764638
41	3792014	989.566730423	3.829039602
41	3809158	993.435912021	3.869181598
41	3821121	995.829848076	2.393936055
41	3821791	996.08284467	0.252996594
41	3826271	996.944806921	0.861962251
41	3827802	997.323121282	0.378314361
41	3830038	997.896351972	0.57323069
41	3830933	998.11671592	0.220363948
41	3834593	999.012271611	0.895555691
41	3839091	1000.131941543	1.119669932
41	3856973	1004.84082189	4.708880347
41	3856997	1004.843769667	0.002947777
41	3866380	1007.078728085	2.234958418
41	3868253	1007.467050962	0.388322877
41	3871860	1008.341827428	0.874776466
41	3872104	1008.407183456	0.065356028
41	3876980	1009.468546095	1.061362639
41	3878540	1009.89852894	0.429982845
41	3885412	1011.69363584	1.7951069
41	3895799	1014.06803117	2.37439533
41	3905996	1016.557028027	2.488996857
41	3906594	1016.723869112	0.166841085
41	3910070	1017.700412115	0.976543003
41	3923484	1020.980672345	3.28026023
41	3932344	1023.850847214	2.870174869
41	3935227	1024.711549349	0.860702135
41	3941096	1025.993025249	1.2814759
41	3950822	1028.010962416	2.017937167
41	3951691	1028.21427409	0.203311674
41	3953944	1028.677459007	0.463184917
41	3960545	1030.507460663	1.830001656
41	3965342	1031.773326243	1.26586558
41	3967248	1032.322932914	0.549606671
41	3971573	1033.387137818	1.064204904
41	3974677	1034.237834649	0.850696831
41	3974737	1034.258089158	0.020254509
41	3977297	1034.991642715	0.733553557
41	3983062	1036.525609972	1.533967257
41	3988913	1037.819360047	1.293750075
41	3990383	1038.255929779	0.436569732
41	3995688	1039.660702753	1.404772974
41	4001504	1041.465377013	1.80467426
41	4014058	1044.897200652	3.431823639
41	4024253	1047.637124384	2.739923732
41	4042889	1052.906258801	5.269134417
41	4044907	1053.419629193	0.513370392
41	4045402	1053.564214884	0.144585691
41	4046445	1053.91005604	0.345841156
41	4072499	1060.359122067	6.449066027
41	4081697	1063.27288129	2.913759223
41	4082673	1063.570211921	0.297330631
41	4099190	1068.068586788	4.498374867
41	4107133	1070.30034455	2.231757762
41	4110325	1071.294193362	0.993848812
41	4144779	1081.307766247	10.013572885
41	4146583	1081.807441978	0.499675731
41	4152036	1083.204618698	1.39717672
41	4164016	1086.197201922	2.992583224
41	4171897	1088.146129868	1.948927946
41	4178051	1089.667217701	1.521087833
41	4184977	1091.411403724	1.744186023
41	4193086	1093.11022177	1.698818046
41	4201647	1095.376600732	2.266378962
41	4204754	1096.145999668	0.769398936
41	4225933	1101.525231402	5.379231734
41	4226470	1101.650223792	0.12499239
41	4226653	1101.729943704	0.079719912
41	4236268	1104.179438521	2.449494817
41	4238304	1104.78069932	0.601260799
41	4239715	1105.235174669	0.454475349
41	4241651	1105.729350117	0.494175448
41	4244720	1106.539371071	0.810020954
41	4256370	1109.776956326	3.237585255
41	4270229	1113.038886359	3.261930033
41	4317450	1124.947552038	11.908665679
41	4322752	1126.147735961	1.200183923
41	4330909	1128.171927152	2.024191191
41	4332193	1128.472248551	0.300321399
41	4343963	1131.492877187	3.020628636
41	4350255	1133.010444858	1.517567671
41	4350337	1133.021462564	0.011017706
41	4360850	1135.972477961	2.951015397
41	4363807	1136.859783736	0.887305775
41	4364452	1136.904719578	0.044935842
41	4370800	1138.455858002	1.551138424
41	4372146	1139.156563519	0.700705517
41	4378339	1141.934842216	2.778278697
41	4378379	1141.958950023	0.024107807
41	4378697	1142.167399714	0.208449691
41	4389339	1146.299395071	4.131995357
41	4390085	1146.668955908	0.369560837
41	4395372	1148.719754375	2.050798467
41	4397054	1149.376998545	0.65724417
41	4397475	1149.527511978	0.150513433
41	4397699	1149.614763978	0.087252
