version 2
run ChordDht-7-20211202-15:39:44-10332
attr Lifetime 800s
attr configname ChordDht
attr datetime 20211202-15:39:44
attr experiment ChordDht
attr inifile configs.ini
attr iterationvars $Lifetime=800s
attr iterationvars2 "$Lifetime=800s, $repetition=0"
attr measurement $Lifetime=800s
attr network oversim.underlay.simpleunderlay.SimpleUnderlayNetwork
attr processid 10332
attr repetition 0
attr replication #0
attr resultdir results
attr runnumber 7
attr seedset 7

vector 43  SimpleUnderlayNetwork.globalObserver.globalStatistics  "GlobalNodeList: Number of nodes"  ETV
vector 44  SimpleUnderlayNetwork.globalObserver.globalStatistics  "GlobalDhtTestMap: Number of stored DHT entries"  ETV
vector 45  SimpleUnderlayNetwork.globalObserver.globalStatistics  "LifetimeChurn: Session Time"  ETV
vector 46  SimpleUnderlayNetwork.globalObserver.globalStatistics  "LifetimeChurn: Time between creates"  ETV
vector 47  SimpleUnderlayNetwork.globalObserver.globalStatistics  "LifetimeChurn: Time between deletes"  ETV
43	482728	150	492
43	658810	200	478
43	814600	250	490
43	1036299	300	502
43	1190651	350	495
43	1399390	400	484
43	1569607	450	484
43	1745270	500	483
43	1946727	550	485
43	2124588	600	501
43	2358041	650	505
43	2533447	700	494
43	2731703	750	489
43	2928582	800	492
43	3101460	850	493
43	3313006	900	494
43	3493028	950	492
43	3696681	1000	488
43	3892202	1050	493
43	4070311	1100	492
44	482729	150	742
44	528590	160	822
44	573326	170	885
44	603392	180	951
44	631606	190	1011
44	658811	200	1109
44	684857	210	1191
44	715491	220	1280
44	744500	230	1337
44	772504	240	1412
44	814601	250	1471
44	863382	260	1571
44	912013	270	1636
44	957822	280	1736
44	1004194	290	1815
44	1036300	300	1877
44	1068884	310	1944
44	1101303	320	2021
44	1131282	330	2117
44	1162167	340	2192
44	1190652	350	2270
44	1220119	360	2333
44	1263500	370	2329
44	1308193	380	2295
44	1354057	390	2303
44	1399391	400	2293
44	1442426	410	2293
44	1475310	420	2319
44	1508394	430	2337
44	1540582	440	2294
44	1569608	450	2295
44	1602230	460	2285
44	1633226	470	2302
44	1663778	480	2313
44	1702963	490	2338
44	1745271	500	2310
44	1792882	510	2302
44	1840673	520	2292
44	1883670	530	2314
44	1915643	540	2313
44	1946728	550	2333
44	1982036	560	2315
44	2014430	570	2332
44	2053613	580	2313
44	2087158	590	2304
44	2124589	600	2322
44	2162892	610	2323
44	2210442	620	2323
44	2260941	630	2317
44	2314177	640	2327
44	2358042	650	2317
44	2391516	660	2300
44	2427868	670	2325
44	2464385	680	2328
44	2498042	690	2330
44	2533448	700	2331
44	2568289	710	2329
44	2602289	720	2321
44	2641198	730	2318
44	2685939	740	2342
44	2731704	750	2337
44	2778556	760	2356
44	2824212	770	2345
44	2857257	780	2329
44	2891148	790	2322
44	2928583	800	2334
44	2965862	810	2336
44	2999001	820	2338
44	3030552	830	2343
44	3061663	840	2334
44	3101461	850	2336
44	3146847	860	2334
44	3193710	870	2346
44	3236090	880	2351
44	3276967	890	2346
44	3313007	900	2337
44	3351604	910	2350
44	3385417	920	2343
44	3422178	930	2340
44	3460244	940	2347
44	3493029	950	2342
44	3527560	960	2353
44	3565389	970	2338
44	3607777	980	2344
44	3653529	990	2332
44	3696682	1000	2339
44	3740284	1010	2329
44	3778193	1020	2341
44	3816997	1030	2341
44	3853298	1040	2328
44	3892203	1050	2329
44	3925023	1060	2317
44	3959903	1070	2318
44	3992407	1080	2339
44	4030322	1090	2343
44	4070312	1100	2333
44	4110153	1110	2348
44	4151512	1120	2341
44	4196554	1130	2336
44	4227072	1140	2323
45	490491	151.847610553	677.96886828
45	492789	152.265552206	2927.10439539
45	502344	154.138052128	23.873659528
45	514288	156.505009246	615.741530409
45	515045	156.682518225	481.659353459
45	529699	160.278312472	1881.396563594
45	530830	160.543595574	1064.886393759
45	532438	160.91236071	134.268740991
45	542794	163.161441746	1099.009107489
45	554867	165.860254414	879.510049004
45	568904	169.060316743	792.56906956
45	593841	176.668394966	1605.74900734
45	598456	178.291561695	61.66699156
45	599152	178.53335304	2186.843290141
45	604471	180.302129102	1151.464016088
45	606036	180.987224486	2915.997247888
45	613281	183.721598858	887.895486717
45	621610	186.846726399	1781.123645359
45	625022	188.083305426	783.119665749
45	634678	191.225691268	578.04194318
45	643728	194.236531616	181.116519486
45	645107	194.782252964	528.202239986
45	660754	200.693618388	1458.944817993
45	663261	201.775233528	2205.810390206
45	664046	202.03176884	1226.925017265
45	664446	202.159492873	691.721326749
45	666918	202.979507309	209.406557175
45	678571	207.557167272	1510.237686304
45	681492	208.688840825	1360.736013362
45	688364	211.272505544	358.005894174
45	688797	211.453001248	852.929861934
45	695472	213.551472194	1145.317100911
45	700637	215.165356912	1227.705096201
45	701203	215.348864633	644.947867978
45	702949	215.938678339	149.388943752
45	705991	216.987794674	219.418961114
45	708924	217.808364187	664.386307174
45	711985	218.954921377	61.092973297
45	712292	219.097994276	1000.212190375
45	715432	219.991843587	249.383013074
45	717609	220.72372362	334.622666348
45	720689	221.805313356	415.844489255
45	722332	222.378602444	527.34116068
45	723874	222.941327449	111.770306107
45	731179	225.326235278	1146.414499174
45	736487	227.143051124	1754.647243098
45	743422	229.66501657	370.623893165
45	745287	230.248968197	314.063633594
45	752431	232.538532686	1826.907547543
45	759036	234.825522367	2547.385404302
45	771628	239.72800745	1363.739240701
45	774935	240.595775631	371.257807379
45	785325	242.95386383	191.283556677
45	793861	245.086079941	395.024577085
45	806219	248.002425253	381.876059401
45	806608	248.105811588	681.024849269
45	806968	248.185502021	78.411125335
45	807023	248.199553365	1446.015811381
45	811640	249.276523715	247.284607518
45	818787	250.814388625	194.463387431
45	821127	251.316935351	1970.552075993
45	823121	251.741934693	1352.044186183
45	827147	252.483995747	2404.483083598
45	848498	257.050609376	140.98936564
45	861035	259.539385922	1338.424236969
45	877096	263.018118154	426.729047274
45	883919	264.622885486	640.681411366
45	885817	265.054985985	1731.235932248
45	890154	265.861777611	4.526346216
45	893743	266.627810735	1149.856554808
45	895830	267.021233105	1084.399335786
45	896712	267.275634012	148.327026653
45	900589	267.988876636	145.049289489
45	916899	271.169789028	921.815773124
45	917244	271.238535972	2990.920472078
45	917427	271.287673777	1168.474428134
45	923835	272.610475684	2089.606114041
45	925911	273.132763736	56.639077492
45	938244	275.294812764	1501.494134715
45	938615	275.373942024	1982.259339489
45	941522	276.057097365	85.443743924
45	957149	279.845129186	284.002020088
45	970645	283.016871211	202.509886524
45	971308	283.19385643	78.811484849
45	972208	283.40513283	1292.104136262
45	979081	284.919231909	93.162320006
45	989416	287.130972982	1778.005930783
45	999652	289.206768352	735.774888734
45	1003136	289.892922314	338.822058564
45	1009923	291.270072934	921.998414837
45	1010069	291.314649395	1969.436238628
45	1012396	291.949041825	721.485788835
45	1012780	292.159552382	313.443973594
45	1021580	294.665833806	65.199973421
45	1025084	295.855573086	1187.551994675
45	1026270	296.218162258	142.792759774
45	1031951	298.069449106	1555.570882914
45	1032549	298.274851638	423.502811598
45	1035683	299.761383439	584.130403051
45	1045794	303.298297637	2298.168097153
45	1045855	303.308139471	297.424558794
45	1049134	304.178622651	2487.720347203
45	1049216	304.194124793	1341.996039057
45	1049409	304.248520821	77.721486754
45	1049720	304.325853981	210.397652868
45	1052291	305.095760379	300.724674583
45	1064896	308.72166496	216.854986212
45	1071135	310.641442244	140.790580255
45	1072143	311.029765702	533.514890278
45	1078012	312.686860312	2771.105031321
45	1081284	313.547644295	236.726735784
45	1092059	317.149662388	266.040995473
45	1092982	317.479619259	1716.972656906
45	1094087	317.847639291	340.549970004
45	1094551	317.992072948	814.508882601
45	1101699	320.212728262	2660.113434519
45	1110979	323.200275341	34.013250056
45	1111349	323.285865547	524.56595089
45	1120823	326.240878935	277.654654727
45	1123665	327.254158427	47.289406035
45	1133576	330.979377853	1316.281409218
45	1133595	330.986937052	137.398445406
45	1136629	331.901580788	494.290213646
45	1139117	332.579284494	2642.060696697
45	1140680	333.244148908	305.888913593
45	1161073	339.676663416	503.531771614
45	1167827	341.935359098	109.04994889
45	1183950	347.641987705	389.339483631
45	1194663	351.530556731	247.226018166
45	1211118	356.906513619	234.18408516
45	1224889	361.166911462	237.70721338
45	1228351	362.141772848	316.308220712
45	1233862	363.410510199	204.877413358
45	1237776	364.359769794	1617.831465781
45	1240976	365.282101106	155.983778848
45	1252222	367.557338687	854.902915927
45	1258018	368.845319477	617.808533035
45	1285915	374.87557473	996.743917922
45	1296505	377.291675569	3589.060028624
45	1296613	377.316922867	344.121254836
45	1305168	379.206710775	831.05505569
45	1317924	381.9253775	1842.52305909
45	1320462	382.569335496	144.961137184
45	1332564	385.317856164	807.439228422
45	1341383	387.340308224	381.646696898
45	1355263	390.276369364	1571.514848923
45	1357233	390.72344009	1589.685041884
45	1365369	392.520437099	139.661676189
45	1372069	393.748904627	769.644112671
45	1373243	393.986395567	1017.583750765
45	1377053	394.705858134	1254.723775092
45	1384323	396.299410115	787.671591347
45	1413995	403.552448308	425.907748805
45	1418775	404.814678404	1010.587084229
45	1427042	406.604656004	194.645609136
45	1428502	406.894446706	7.566626132
45	1430712	407.329720528	524.274659981
45	1434432	408.215097594	166.647958486
45	1459086	415.317481214	596.187698709
45	1460175	415.702701784	284.349357088
45	1462383	416.277439892	301.454964362
45	1477302	420.740124123	148.755328238
45	1481377	422.102279126	58.413845575
45	1483572	422.927781127	33.204290831
45	1484523	423.244152828	285.422075993
45	1490314	424.65505619	610.324614232
45	1491891	425.054965076	195.579218185
45	1497202	426.515198586	908.869309262
45	1497603	426.649716489	247.261362823
45	1499192	427.196334846	3914.450126119
45	1510431	430.723698925	279.416300272
45	1512055	431.285349873	381.852092962
45	1517582	432.564654409	279.287955425
45	1518375	432.749746657	587.069560097
45	1521378	433.643928545	321.384768747
45	1527923	435.621656008	279.224604838
45	1532057	437.096437341	391.083405962
45	1534791	438.121563947	418.331562424
45	1540746	440.077005007	825.502921964
45	1547572	442.406203882	795.716008178
45	1567196	449.105793853	1853.175480554
45	1569327	449.891861882	284.638748395
45	1585310	454.906403051	313.754263454
45	1586082	455.183179502	193.680462211
45	1586163	455.210157755	349.774290137
45	1587266	455.574017583	1195.041483974
45	1592799	457.192822173	253.518699749
45	1595731	457.925930213	2770.496773749
45	1599689	459.112511104	1917.802056697
45	1613246	463.540116295	748.727040596
45	1617301	464.897776281	814.621757984
45	1617640	464.998828299	420.484110428
45	1631954	469.637717241	664.100534298
45	1652306	476.410798568	1044.39437544
45	1652401	476.447947978	101.788917859
45	1659742	478.758837822	239.950317084
45	1661441	479.279307499	221.367606034
45	1670494	481.528530185	19.661773597
45	1682279	484.904925981	1216.499198857
45	1689752	486.694504071	247.287987726
45	1695021	488.1856135	131.996766888
45	1698881	488.999788626	849.716660282
45	1708932	491.365791568	10.01709167
45	1729362	496.480312625	514.320275906
45	1730187	496.66066835	188.091193197
45	1731787	497.076284002	637.146857781
45	1737296	498.195003098	955.660495157
45	1746029	500.206606736	118.705445868
45	1752251	501.418864721	11.874356961
45	1755062	502.261559124	2315.69816933
45	1771324	505.300985082	770.256738038
45	1775443	506.1222982	752.02965139
45	1776002	506.247439857	697.247131319
45	1776893	506.453098029	491.251327162
45	1785969	508.48254367	1311.191714255
45	1794889	510.589715998	231.44984612
45	1798896	511.569197166	605.708032684
45	1799296	511.66730008	717.181546561
45	1835851	518.605347864	249.759714315
45	1842264	520.265573463	218.258829441
45	1850367	522.455667747	414.384861383
45	1852699	522.996433641	1081.41450218
45	1853284	523.116555865	147.399487199
45	1860864	524.79261382	448.333447807
45	1864059	525.540674384	238.675885917
45	1866668	526.070945193	172.542612052
45	1875651	527.954915707	4437.817741732
45	1876460	528.168326877	714.133111909
45	1892186	532.415494542	69.761637645
45	1921124	541.638193128	753.835857914
45	1925785	542.956123833	223.90378481
45	1926203	543.116050065	1900.267489332
45	1926800	543.330589522	843.564935142
45	1939644	547.608702075	398.066364983
45	1945014	549.432036975	626.89946103
45	1948612	550.634827388	273.662195282
45	1967584	556.112796711	443.290058304
45	1970302	557.015607405	649.532205381
45	1982412	560.113864737	384.429041255
45	1984858	560.530805122	283.718093015
45	2001066	565.904387978	923.779056118
45	2003502	566.698547334	397.984249007
45	2006971	567.864303212	439.69087055
45	2011684	569.029544653	374.677341685
45	2012021	569.127799144	811.748406899
45	2012113	569.152907091	2416.812936712
45	2015940	570.655061851	1582.382864047
45	2016621	570.908455643	750.566526198
45	2017589	571.141656127	56.329661099
45	2019123	571.639607131	471.902251052
45	2030034	573.501915258	192.625315193
45	2038845	576.337035212	599.578865662
45	2040110	576.706649471	2122.693429332
45	2046947	578.40453236	357.500885678
45	2049289	578.966042137	130.839367037
45	2055192	580.462740046	1613.93158886
45	2060406	582.153636992	1283.14237228
45	2061705	582.543510503	28.723541636
45	2062374	582.789082816	653.631887996
45	2062677	582.876932231	634.92214222
45	2067229	584.263746111	66.667471351
45	2069698	584.9013673	544.287757461
45	2073889	586.380820678	315.788115841
45	2080065	587.817714382	59.342592695
45	2082772	588.514080374	2519.369295189
45	2090074	591.0582224	1604.924177393
45	2091137	591.479518815	1318.335538596
45	2093533	592.071665008	887.543653469
45	2093915	592.105593741	279.855460212
45	2094561	592.202592213	1633.994851513
45	2101209	593.681597567	712.274411995
45	2106108	594.970827121	341.948673184
45	2107986	595.640491764	180.50626518
45	2123633	599.707080107	753.485336368
45	2135580	603.19016147	315.761735516
45	2139638	604.309110142	271.803366782
45	2146748	606.095729676	526.213699433
45	2155596	608.000012575	2186.102048254
45	2155897	608.086040306	185.797110716
45	2167486	610.871138518	439.062998742
45	2167594	610.896958269	1559.342069561
45	2172826	612.090537882	67.34014671
45	2187121	615.237297384	1616.856921734
45	2189003	615.623478743	38.198503191
45	2193912	616.493794761	1047.77415012
45	2197940	617.718945825	72.213225941
45	2205606	618.958408851	349.998347726
45	2207352	619.284608393	1357.172383394
45	2223885	622.305990964	1201.49193074
45	2224940	622.626358409	623.696620137
45	2225425	622.736869133	1227.057073743
45	2225613	622.775285796	195.205652703
45	2228693	623.397560715	2225.789597903
45	2236436	624.990575949	1280.617904716
45	2238552	625.604726079	432.170201173
45	2240944	626.072247278	338.671210999
45	2244480	626.715395634	3204.146980236
45	2244643	626.754320523	664.472769697
45	2244821	626.78928612	720.466869522
45	2255709	628.80008177	805.184511507
45	2257378	629.126708376	955.685263976
45	2259417	629.590626248	1024.580295298
45	2267134	631.362824142	921.956848756
45	2273570	632.825574445	275.451009376
45	2284970	634.456314815	2707.394667497
45	2296035	636.642262388	621.921883011
45	2297357	636.846747476	183.486281466
45	2297721	636.906627579	498.284453623
45	2298098	636.961388321	154.352409298
45	2307143	638.458864405	1593.309530969
45	2314041	639.958276755	43.384016625
45	2320892	641.505540158	1275.447761027
45	2327574	642.883285465	476.563489279
45	2333862	644.292875252	858.577547956
45	2334206	644.383171708	21.906884269
45	2338796	645.697761984	1043.784328164
45	2342220	646.393201302	183.027965017
45	2344631	646.868126039	1089.619491539
45	2344852	646.916371693	27.760382484
45	2380780	656.888066566	78.848213103
45	2386290	658.383307861	112.431585544
45	2388217	658.964027942	609.085066566
45	2399473	662.560121363	177.007321107
45	2410719	665.607481111	590.703431978
45	2423068	668.611423754	294.550218361
45	2425965	669.584183899	1535.714337499
45	2431332	671.230327192	85.822157754
45	2440393	673.564169999	714.599146036
45	2447297	675.366372854	654.31643189
45	2458420	678.297042397	1767.967101029
45	2459919	678.687054206	202.963277903
45	2472045	682.146706779	1479.250930653
45	2477681	683.796799647	1014.495419965
45	2492962	688.424805606	193.175045235
45	2495663	689.355698822	676.208148586
45	2514302	694.334767543	187.968635663
45	2515411	694.75344025	350.269472131
45	2519164	696.037153193	2212.710385925
45	2522362	697.103072496	465.433142071
45	2530986	699.451212303	911.414548169
45	2537697	701.376285979	1934.162151225
45	2539634	702.095534137	718.357381538
45	2542772	702.896324497	237.28184195
45	2549411	704.648503749	47.466419322
45	2556237	706.692221056	183.215367292
45	2559058	707.478655198	1107.413719385
45	2565457	709.092800367	529.031266727
45	2581868	714.273363334	43.645520714
45	2606321	721.262081187	456.235638755
45	2609240	722.251099238	1319.32353477
45	2612999	723.279209655	322.500688835
45	2624878	726.131277965	594.791590352
45	2625024	726.151170576	234.413464287
45	2630699	727.339414989	147.927559892
45	2633500	727.937081471	285.123064678
45	2635348	728.473142841	1310.982731298
45	2635967	728.64097483	1476.042284827
45	2640138	729.845769144	321.249900219
45	2646142	731.108155787	53.659707783
45	2647545	731.370120903	635.499163007
45	2648335	731.579308976	139.67550666
45	2654007	732.771982751	3300.457032689
45	2656282	733.249284356	1163.407850951
45	2666505	735.95689861	370.692877623
45	2679815	738.639165228	486.359056834
45	2684466	739.566263313	442.640143142
45	2704450	744.064184682	400.768815
45	2710586	745.744652211	911.823283377
45	2717260	747.238411689	912.58615433
45	2725288	748.701762983	505.764762796
45	2729414	749.501567239	704.301101618
45	2745844	753.313791087	459.96549521
45	2752785	754.672968345	258.029748791
45	2753335	754.784305654	142.451025261
45	2755200	755.305134179	1274.303151787
45	2760164	756.454048902	417.716973961
45	2764300	757.241700365	84.882394666
45	2764766	757.352591285	523.567665303
45	2765110	757.428938813	19.852858159
45	2773037	758.870469119	352.784433893
45	2803831	765.628097273	3210.418046626
45	2808697	766.512627292	27.547876696
45	2814506	767.718325857	674.798483338
45	2836957	773.825717107	1309.413101781
45	2840289	775.027295538	2596.049083495
45	2840677	775.169587043	111.105933484
45	2842292	775.66407555	448.950551406
45	2844668	776.371580216	500.039594454
45	2845370	776.578680735	862.842886075
45	2845875	776.747014394	20.747199998
45	2848295	777.298274059	72.118888482
45	2861096	781.113699835	682.149026086
45	2864096	781.887987907	1486.294150497
45	2866761	782.440791403	1323.488065017
45	2867095	782.545228239	35.192758748
45	2876899	785.832021514	722.176184492
45	2880327	786.998611109	124.749637541
45	2884313	788.115960256	3561.238576342
45	2889336	789.509479663	842.370066069
45	2903012	793.275685146	199.659105933
45	2903443	793.395473403	605.116358128
45	2904089	793.518256722	326.44690485
45	2906935	794.30953332	244.032245582
45	2910380	795.383770705	844.810911808
45	2913829	796.249992391	124.819671817
45	2925886	799.023685702	244.609232153
45	2933884	801.738938736	102.032533588
45	2936064	802.419899997	118.436009368
45	2936442	802.497074125	345.367044857
45	2938679	803.061198926	139.386441509
45	2943457	804.312312143	626.032892507
45	2946703	804.849684594	104.384624623
45	2952862	806.540559048	481.588100418
45	2960745	808.82944141	351.415577596
45	2962280	809.245541884	1995.747753985
45	2970250	811.392962077	92.773149158
45	2970892	811.63140784	535.365260207
45	2976685	813.391606894	685.679340111
45	2981497	814.734425452	971.152439832
45	2992656	818.221584302	603.860673586
45	2993308	818.401642356	1817.86436683
45	2999810	820.247130847	189.604854953
45	3007638	822.860243946	147.30147913
45	3017328	825.856476248	1413.950338509
45	3022307	827.463291728	223.451778261
45	3025506	828.343145857	307.776474888
45	3037799	832.810226768	317.157092356
45	3044220	834.829724575	107.862352719
45	3049091	836.48199815	1302.301637974
45	3066427	841.315884207	4675.386414474
45	3066726	841.41363022	2536.901073642
45	3067599	841.736702351	167.882327014
45	3068130	841.884623307	1477.66574348
45	3070981	842.611994953	648.276000394
45	3081581	845.149008331	1018.393626656
45	3082856	845.536009218	1007.822780409
45	3092640	847.991105943	677.434490349
45	3093365	848.207641139	282.030757434
45	3097522	848.98603163	526.094368977
45	3102086	850.068686549	1043.037259942
45	3107299	851.244259829	3598.557810196
45	3111111	852.236334726	58.685933465
45	3114404	852.738181755	181.929724964
45	3118299	853.500252779	386.414093019
45	3132798	856.519168054	236.551376196
45	3133676	856.852493346	697.504302932
45	3134460	857.084115166	2649.919276595
45	3146477	859.859317266	52.589073916
45	3153244	861.694580446	76.584989858
45	3155160	862.147667932	438.021237549
45	3157848	862.780003378	399.135192584
45	3166464	864.287605699	866.660078067
45	3170453	865.27055867	48.856854088
45	3181501	867.831237574	152.353226681
45	3184261	868.29229333	720.711964917
45	3187974	869.05857844	860.107867969
45	3200391	871.563090521	413.642469225
45	3202438	872.122454058	708.195292851
45	3232624	878.974991571	1787.76926007
45	3233803	879.328208635	730.956321198
45	3270601	888.526188407	1597.712204985
45	3274548	889.54976926	1547.236151295
45	3283479	891.437582986	892.424043899
45	3293325	894.291900962	445.798220623
45	3320447	902.365537654	491.81146803
45	3322641	902.777611484	1540.781518868
45	3323769	903.017471705	516.118553393
45	3330914	904.738775812	391.453889007
45	3333362	905.331381428	5050.538660969
45	3334454	905.634852668	485.101235605
45	3352409	910.279724322	863.877472765
45	3354355	910.997625365	1173.209721757
45	3356316	911.564752046	1826.102624178
45	3365697	914.153731696	415.095657173
45	3370856	915.673976409	108.093693252
45	3375960	917.402492373	496.327796547
45	3379519	918.395681193	74.452191318
45	3380144	918.608477356	829.58592597
45	3391739	921.893463582	987.559984036
45	3398745	923.833197223	238.79362337
45	3399951	924.173275603	2433.310144606
45	3402234	924.792040208	574.260588981
45	3402391	924.825692434	144.160877773
45	3411940	926.988043916	911.347143183
45	3412430	927.181132047	2988.47020822
45	3416769	928.560796733	901.342037402
45	3419102	929.206204643	184.710987792
45	3420521	929.55353679	840.241805149
45	3423705	930.356644871	1270.666834217
45	3428535	931.377381285	645.447351746
45	3429586	931.665429491	2229.004468763
45	3436963	933.392142068	3677.039874433
45	3441749	934.682970914	970.321856369
45	3454696	938.571192146	1349.883551209
45	3461983	940.515212641	111.559824032
45	3467947	942.521154384	37.84372301
45	3474369	944.343056636	253.644035561
45	3489620	948.944144885	175.695285757
45	3489980	949.047056119	609.695908419
45	3493362	950.112206281	446.110711095
45	3498315	951.607663744	419.088868934
45	3503524	953.149074431	329.980676628
45	3504275	953.390023649	706.8167427
45	3504691	953.506323428	1138.904115877
45	3507959	954.41853923	696.350242258
45	3511281	955.332849195	113.932638676
45	3512870	955.834738221	26.274381342
45	3520185	957.725784913	817.213442962
45	3521592	958.136388733	399.45039464
45	3521970	958.274310403	310.204848151
45	3530622	961.084778436	504.639601595
45	3537022	962.836408812	609.760331824
45	3555370	967.577242928	1629.832054999
45	3557307	968.16193233	2494.533949837
45	3560062	968.865425814	537.770840616
45	3566635	970.159024166	241.13890328
45	3569023	970.693485125	1347.61570341
45	3598487	977.748729475	195.829260123
45	3607994	980.067600974	329.186234728
45	3632373	985.545983869	1101.154782842
45	3651206	989.533937754	1371.658354536
45	3673692	994.477617726	1006.976354892
45	3686749	997.418708894	1922.751527888
45	3692572	998.819308642	549.430096718
45	3695212	999.578279636	430.121839711
45	3699075	1000.357924438	1201.518067562
45	3703657	1001.641871265	1199.656069255
45	3705142	1002.223689046	923.406105218
45	3708660	1003.05891513	285.627334996
45	3713513	1004.259246321	765.155718277
45	3713990	1004.4154957	317.541303148
45	3717857	1005.322585552	339.912776979
45	3722388	1006.297297242	87.475106531
45	3722992	1006.404698083	474.050289803
45	3725676	1007.168970155	190.244441745
45	3726144	1007.27262483	114.800881021
45	3727790	1007.690683066	317.185763268
45	3727845	1007.696446765	1183.560080049
45	3728058	1007.747643856	415.424275096
45	3730244	1008.168073016	212.072437433
45	3732585	1008.658508977	901.109544204
45	3736213	1009.311969732	685.209118403
45	3744811	1010.864678818	712.586999036
45	3746133	1011.256694111	240.35929686
45	3754615	1013.481300943	1185.384698649
45	3755130	1013.619995249	350.49967976
45	3755145	1013.620276133	587.986808516
45	3756557	1014.037185016	395.758080211
45	3767468	1017.696487944	766.837136818
45	3771470	1018.780923803	252.879138496
45	3779103	1020.245380795	54.610926506
45	3780881	1020.801620455	116.916871371
45	3782539	1021.331241419	97.372228249
45	3787338	1022.751733831	353.033043014
45	3788618	1023.097291454	558.025790548
45	3805237	1026.814792548	143.987424807
45	3811386	1028.554263943	850.295493362
45	3817018	1030.004711134	545.319174152
45	3839978	1036.28928608	99.486890054
45	3840902	1036.589532916	960.114198103
45	3851672	1039.47657595	668.94668145
45	3859795	1041.644705276	128.15548041
45	3861772	1042.16805121	1309.606285404
45	3881054	1047.250336281	128.648509789
45	3889162	1048.867972841	283.562380572
45	3891994	1049.919983954	103.575318527
45	3923910	1059.743410144	211.165521221
45	3924922	1059.975846729	126.372961664
45	3932264	1061.598281945	10.464672842
45	3933160	1061.934511347	900.465789804
45	3940817	1064.421609039	213.61512013
45	3946280	1066.036705311	1508.191126807
45	3950254	1067.092460734	347.021137857
45	3954364	1068.562595426	336.030132176
45	3965663	1071.576576469	296.862253403
45	3978204	1075.480538676	337.684563109
45	3984697	1077.167983642	265.504728704
45	3993929	1080.405590442	78.710051233
45	3997566	1081.581060228	428.098015931
45	3999158	1082.144474318	410.184043964
45	4000162	1082.507935913	1125.728868564
45	4006436	1084.057284384	1705.803621728
45	4013131	1085.66004929	3371.565508707
45	4018328	1087.102919117	2008.600893542
45	4056374	1096.359093883	2275.384505012
45	4061691	1097.92429098	1534.551772088
45	4062144	1098.031491127	26.023513928
45	4064399	1098.476721016	1182.856377457
45	4069165	1099.681876853	717.118658527
45	4100368	1107.968122281	1782.709213443
45	4101267	1108.151931055	317.891722633
45	4116817	1111.679930844	2773.063381562
45	4124755	1113.557262982	448.548105316
45	4134989	1115.501182454	539.50515997
45	4144783	1118.055371248	33.434006132
45	4145201	1118.185591031	608.056514431
45	4145651	1118.306433202	1294.101917027
45	4147034	1118.722888309	1554.516159869
45	4158201	1121.332565959	218.488722118
45	4172775	1124.781980645	762.05250582
45	4176273	1125.490281908	264.172990363
45	4185071	1127.159933084	161.111901319
45	4186500	1127.619387543	234.081769511
45	4195255	1129.761297817	170.68868173
45	4197964	1130.137760404	519.912257728
45	4204599	1131.566140336	740.183549527
45	4217586	1135.941385668	45.830951695
45	4218095	1136.185167336	1010.213166532
45	4229361	1141.024279021	2986.246642151
45	4232968	1142.928009431	1161.002845597
45	4235043	1143.666410138	322.105472628
46	490491	151.847610553	6.004033087
46	492789	152.265552206	0.417941653
46	502344	154.138052128	1.872499922
46	514288	156.505009246	2.366957118
46	515045	156.682518225	0.177508979
46	529699	160.278312472	3.595794247
46	530830	160.543595574	0.265283102
46	532438	160.91236071	0.368765136
46	542794	163.161441746	2.249081036
46	554867	165.860254414	2.698812668
46	568904	169.060316743	3.200062329
46	593841	176.668394966	7.608078223
46	598456	178.291561695	1.623166729
46	599152	178.53335304	0.241791345
46	604471	180.302129102	1.768776062
46	606036	180.987224486	0.685095384
46	613281	183.721598858	2.734374372
46	621610	186.846726399	3.125127541
46	625022	188.083305426	1.236579027
46	634678	191.225691268	3.142385842
46	643728	194.236531616	3.010840348
46	645107	194.782252964	0.545721348
46	660754	200.693618388	5.911365424
46	663261	201.775233528	1.08161514
46	664046	202.03176884	0.256535312
46	664446	202.159492873	0.127724033
46	666918	202.979507309	0.820014436
46	678571	207.557167272	4.577659963
46	681492	208.688840825	1.131673553
46	688364	211.272505544	2.583664719
46	688797	211.453001248	0.180495704
46	695472	213.551472194	2.098470946
46	700637	215.165356912	1.613884718
46	701203	215.348864633	0.183507721
46	702949	215.938678339	0.589813706
46	705991	216.987794674	1.049116335
46	708924	217.808364187	0.820569513
46	711985	218.954921377	1.14655719
46	712292	219.097994276	0.143072899
46	715432	219.991843587	0.893849311
46	717609	220.72372362	0.731880033
46	720689	221.805313356	1.081589736
46	722332	222.378602444	0.573289088
46	723874	222.941327449	0.562725005
46	731179	225.326235278	2.384907829
46	736487	227.143051124	1.816815846
46	743422	229.66501657	2.521965446
46	745287	230.248968197	0.583951627
46	752431	232.538532686	2.289564489
46	759036	234.825522367	2.286989681
46	771628	239.72800745	4.902485083
46	774935	240.595775631	0.867768181
46	785325	242.95386383	2.358088199
46	793861	245.086079941	2.132216111
46	806219	248.002425253	2.916345312
46	806608	248.105811588	0.103386335
46	806968	248.185502021	0.079690433
46	807023	248.199553365	0.014051344
46	811640	249.276523715	1.07697035
46	818787	250.814388625	1.53786491
46	821127	251.316935351	0.502546726
46	823121	251.741934693	0.424999342
46	827147	252.483995747	0.742061054
46	848498	257.050609376	4.566613629
46	861035	259.539385922	2.488776546
46	877096	263.018118154	3.478732232
46	883919	264.622885486	1.604767332
46	885817	265.054985985	0.432100499
46	890154	265.861777611	0.806791626
46	893743	266.627810735	0.766033124
46	895830	267.021233105	0.39342237
46	896712	267.275634012	0.254400907
46	900589	267.988876636	0.713242624
46	916899	271.169789028	3.180912392
46	917244	271.238535972	0.068746944
46	917427	271.287673777	0.049137805
46	923835	272.610475684	1.322801907
46	925911	273.132763736	0.522288052
46	938244	275.294812764	2.162049028
46	938615	275.373942024	0.07912926
46	941522	276.057097365	0.683155341
46	957149	279.845129186	3.788031821
46	970645	283.016871211	3.171742025
46	971308	283.19385643	0.176985219
46	972208	283.40513283	0.2112764
46	979081	284.919231909	1.514099079
46	989416	287.130972982	2.211741073
46	999652	289.206768352	2.07579537
46	1003136	289.892922314	0.686153962
46	1009923	291.270072934	1.37715062
46	1010069	291.314649395	0.044576461
46	1012396	291.949041825	0.63439243
46	1012780	292.159552382	0.210510557
46	1021580	294.665833806	2.506281424
46	1025084	295.855573086	1.18973928
46	1026270	296.218162258	0.362589172
46	1031951	298.069449106	1.851286848
46	1032549	298.274851638	0.205402532
46	1035683	299.761383439	1.486531801
46	1045794	303.298297637	3.536914198
46	1045855	303.308139471	0.009841834
46	1049134	304.178622651	0.87048318
46	1049216	304.194124793	0.015502142
46	1049409	304.248520821	0.054396028
46	1049720	304.325853981	0.07733316
46	1052291	305.095760379	0.769906398
46	1064896	308.72166496	3.625904581
46	1071135	310.641442244	1.919777284
46	1072143	311.029765702	0.388323458
46	1078012	312.686860312	1.65709461
46	1081284	313.547644295	0.860783983
46	1092059	317.149662388	3.602018093
46	1092982	317.479619259	0.329956871
46	1094087	317.847639291	0.368020032
46	1094551	317.992072948	0.144433657
46	1101699	320.212728262	2.220655314
46	1110979	323.200275341	2.987547079
46	1111349	323.285865547	0.085590206
46	1120823	326.240878935	2.955013388
46	1123665	327.254158427	1.013279492
46	1133576	330.979377853	3.725219426
46	1133595	330.986937052	0.007559199
46	1136629	331.901580788	0.914643736
46	1139117	332.579284494	0.677703706
46	1140680	333.244148908	0.664864414
46	1161073	339.676663416	6.432514508
46	1167827	341.935359098	2.258695682
46	1183950	347.641987705	5.706628607
46	1194663	351.530556731	3.888569026
46	1211118	356.906513619	5.375956888
46	1224889	361.166911462	4.260397843
46	1228351	362.141772848	0.974861386
46	1233862	363.410510199	1.268737351
46	1237776	364.359769794	0.949259595
46	1240976	365.282101106	0.922331312
46	1252222	367.557338687	2.275237581
46	1258018	368.845319477	1.28798079
46	1285915	374.87557473	6.030255253
46	1296505	377.291675569	2.416100839
46	1296613	377.316922867	0.025247298
46	1305168	379.206710775	1.889787908
46	1317924	381.9253775	2.718666725
46	1320462	382.569335496	0.643957996
46	1332564	385.317856164	2.748520668
46	1341383	387.340308224	2.02245206
46	1355263	390.276369364	2.93606114
46	1357233	390.72344009	0.447070726
46	1365369	392.520437099	1.796997009
46	1372069	393.748904627	1.228467528
46	1373243	393.986395567	0.23749094
46	1377053	394.705858134	0.719462567
46	1384323	396.299410115	1.593551981
46	1413995	403.552448308	7.253038193
46	1418775	404.814678404	1.262230096
46	1427042	406.604656004	1.7899776
46	1428502	406.894446706	0.289790702
46	1430712	407.329720528	0.435273822
46	1434432	408.215097594	0.885377066
46	1459086	415.317481214	7.10238362
46	1460175	415.702701784	0.38522057
46	1462383	416.277439892	0.574738108
46	1477302	420.740124123	4.462684231
46	1481377	422.102279126	1.362155003
46	1483572	422.927781127	0.825502001
46	1484523	423.244152828	0.316371701
46	1490314	424.65505619	1.410903362
46	1491891	425.054965076	0.399908886
46	1497202	426.515198586	1.46023351
46	1497603	426.649716489	0.134517903
46	1499192	427.196334846	0.546618357
46	1510431	430.723698925	3.527364079
46	1512055	431.285349873	0.561650948
46	1517582	432.564654409	1.279304536
46	1518375	432.749746657	0.185092248
46	1521378	433.643928545	0.894181888
46	1527923	435.621656008	1.977727463
46	1532057	437.096437341	1.474781333
46	1534791	438.121563947	1.025126606
46	1540746	440.077005007	1.95544106
46	1547572	442.406203882	2.329198875
46	1567196	449.105793853	6.699589971
46	1569327	449.891861882	0.786068029
46	1585310	454.906403051	5.014541169
46	1586082	455.183179502	0.276776451
46	1586163	455.210157755	0.026978253
46	1587266	455.574017583	0.363859828
46	1592799	457.192822173	1.61880459
46	1595731	457.925930213	0.73310804
46	1599689	459.112511104	1.186580891
46	1613246	463.540116295	4.427605191
46	1617301	464.897776281	1.357659986
46	1617640	464.998828299	0.101052018
46	1631954	469.637717241	4.638888942
46	1652306	476.410798568	6.773081327
46	1652401	476.447947978	0.03714941
46	1659742	478.758837822	2.310889844
46	1661441	479.279307499	0.520469677
46	1670494	481.528530185	2.249222686
46	1682279	484.904925981	3.376395796
46	1689752	486.694504071	1.78957809
46	1695021	488.1856135	1.491109429
46	1698881	488.999788626	0.814175126
46	1708932	491.365791568	2.366002942
46	1729362	496.480312625	5.114521057
46	1730187	496.66066835	0.180355725
46	1731787	497.076284002	0.415615652
46	1737296	498.195003098	1.118719096
46	1746029	500.206606736	2.011603638
46	1752251	501.418864721	1.212257985
46	1755062	502.261559124	0.842694403
46	1771324	505.300985082	3.039425958
46	1775443	506.1222982	0.821313118
46	1776002	506.247439857	0.125141657
46	1776893	506.453098029	0.205658172
46	1785969	508.48254367	2.029445641
46	1794889	510.589715998	2.107172328
46	1798896	511.569197166	0.979481168
46	1799296	511.66730008	0.098102914
46	1835851	518.605347864	6.938047784
46	1842264	520.265573463	1.660225599
46	1850367	522.455667747	2.190094284
46	1852699	522.996433641	0.540765894
46	1853284	523.116555865	0.120122224
46	1860864	524.79261382	1.676057955
46	1864059	525.540674384	0.748060564
46	1866668	526.070945193	0.530270809
46	1875651	527.954915707	1.883970514
46	1876460	528.168326877	0.21341117
46	1892186	532.415494542	4.247167665
46	1921124	541.638193128	9.222698586
46	1925785	542.956123833	1.317930705
46	1926203	543.116050065	0.159926232
46	1926800	543.330589522	0.214539457
46	1939644	547.608702075	4.278112553
46	1945014	549.432036975	1.8233349
46	1948612	550.634827388	1.202790413
46	1967584	556.112796711	5.477969323
46	1970302	557.015607405	0.902810694
46	1982412	560.113864737	3.098257332
46	1984858	560.530805122	0.416940385
46	2001066	565.904387978	5.373582856
46	2003502	566.698547334	0.794159356
46	2006971	567.864303212	1.165755878
46	2011684	569.029544653	1.165241441
46	2012021	569.127799144	0.098254491
46	2012113	569.152907091	0.025107947
46	2015940	570.655061851	1.50215476
46	2016621	570.908455643	0.253393792
46	2017589	571.141656127	0.233200484
46	2019123	571.639607131	0.497951004
46	2030034	573.501915258	1.862308127
46	2038845	576.337035212	2.835119954
46	2040110	576.706649471	0.369614259
46	2046947	578.40453236	1.697882889
46	2049289	578.966042137	0.561509777
46	2055192	580.462740046	1.496697909
46	2060406	582.153636992	1.690896946
46	2061705	582.543510503	0.389873511
46	2062374	582.789082816	0.245572313
46	2062677	582.876932231	0.087849415
46	2067229	584.263746111	1.38681388
46	2069698	584.9013673	0.637621189
46	2073889	586.380820678	1.479453378
46	2080065	587.817714382	1.436893704
46	2082772	588.514080374	0.696365992
46	2090074	591.0582224	2.544142026
46	2091137	591.479518815	0.421296415
46	2093533	592.071665008	0.592146193
46	2093915	592.105593741	0.033928733
46	2094561	592.202592213	0.096998472
46	2101209	593.681597567	1.479005354
46	2106108	594.970827121	1.289229554
46	2107986	595.640491764	0.669664643
46	2123633	599.707080107	4.066588343
46	2135580	603.19016147	3.483081363
46	2139638	604.309110142	1.118948672
46	2146748	606.095729676	1.786619534
46	2155596	608.000012575	1.904282899
46	2155897	608.086040306	0.086027731
46	2167486	610.871138518	2.785098212
46	2167594	610.896958269	0.025819751
46	2172826	612.090537882	1.193579613
46	2187121	615.237297384	3.146759502
46	2189003	615.623478743	0.386181359
46	2193912	616.493794761	0.870316018
46	2197940	617.718945825	1.225151064
46	2205606	618.958408851	1.239463026
46	2207352	619.284608393	0.326199542
46	2223885	622.305990964	3.021382571
46	2224940	622.626358409	0.320367445
46	2225425	622.736869133	0.110510724
46	2225613	622.775285796	0.038416663
46	2228693	623.397560715	0.622274919
46	2236436	624.990575949	1.593015234
46	2238552	625.604726079	0.61415013
46	2240944	626.072247278	0.467521199
46	2244480	626.715395634	0.643148356
46	2244643	626.754320523	0.038924889
46	2244821	626.78928612	0.034965597
46	2255709	628.80008177	2.01079565
46	2257378	629.126708376	0.326626606
46	2259417	629.590626248	0.463917872
46	2267134	631.362824142	1.772197894
46	2273570	632.825574445	1.462750303
46	2284970	634.456314815	1.63074037
46	2296035	636.642262388	2.185947573
46	2297357	636.846747476	0.204485088
46	2297721	636.906627579	0.059880103
46	2298098	636.961388321	0.054760742
46	2307143	638.458864405	1.497476084
46	2314041	639.958276755	1.49941235
46	2320892	641.505540158	1.547263403
46	2327574	642.883285465	1.377745307
46	2333862	644.292875252	1.409589787
46	2334206	644.383171708	0.090296456
46	2338796	645.697761984	1.314590276
46	2342220	646.393201302	0.695439318
46	2344631	646.868126039	0.474924737
46	2344852	646.916371693	0.048245654
46	2380780	656.888066566	9.971694873
46	2386290	658.383307861	1.495241295
46	2388217	658.964027942	0.580720081
46	2399473	662.560121363	3.596093421
46	2410719	665.607481111	3.047359748
46	2423068	668.611423754	3.003942643
46	2425965	669.584183899	0.972760145
46	2431332	671.230327192	1.646143293
46	2440393	673.564169999	2.333842807
46	2447297	675.366372854	1.802202855
46	2458420	678.297042397	2.930669543
46	2459919	678.687054206	0.390011809
46	2472045	682.146706779	3.459652573
46	2477681	683.796799647	1.650092868
46	2492962	688.424805606	4.628005959
46	2495663	689.355698822	0.930893216
46	2514302	694.334767543	4.979068721
46	2515411	694.75344025	0.418672707
46	2519164	696.037153193	1.283712943
46	2522362	697.103072496	1.065919303
46	2530986	699.451212303	2.348139807
46	2537697	701.376285979	1.925073676
46	2539634	702.095534137	0.719248158
46	2542772	702.896324497	0.80079036
46	2549411	704.648503749	1.752179252
46	2556237	706.692221056	2.043717307
46	2559058	707.478655198	0.786434142
46	2565457	709.092800367	1.614145169
46	2581868	714.273363334	5.180562967
46	2606321	721.262081187	6.988717853
46	2609240	722.251099238	0.989018051
46	2612999	723.279209655	1.028110417
46	2624878	726.131277965	2.85206831
46	2625024	726.151170576	0.019892611
46	2630699	727.339414989	1.188244413
46	2633500	727.937081471	0.597666482
46	2635348	728.473142841	0.53606137
46	2635967	728.64097483	0.167831989
46	2640138	729.845769144	1.204794314
46	2646142	731.108155787	1.262386643
46	2647545	731.370120903	0.261965116
46	2648335	731.579308976	0.209188073
46	2654007	732.771982751	1.192673775
46	2656282	733.249284356	0.477301605
46	2666505	735.95689861	2.707614254
46	2679815	738.639165228	2.682266618
46	2684466	739.566263313	0.927098085
46	2704450	744.064184682	4.497921369
46	2710586	745.744652211	1.680467529
46	2717260	747.238411689	1.493759478
46	2725288	748.701762983	1.463351294
46	2729414	749.501567239	0.799804256
46	2745844	753.313791087	3.812223848
46	2752785	754.672968345	1.359177258
46	2753335	754.784305654	0.111337309
46	2755200	755.305134179	0.520828525
46	2760164	756.454048902	1.148914723
46	2764300	757.241700365	0.787651463
46	2764766	757.352591285	0.11089092
46	2765110	757.428938813	0.076347528
46	2773037	758.870469119	1.441530306
46	2803831	765.628097273	6.757628154
46	2808697	766.512627292	0.884530019
46	2814506	767.718325857	1.205698565
46	2836957	773.825717107	6.10739125
46	2840289	775.027295538	1.201578431
46	2840677	775.169587043	0.142291505
46	2842292	775.66407555	0.494488507
46	2844668	776.371580216	0.707504666
46	2845370	776.578680735	0.207100519
46	2845875	776.747014394	0.168333659
46	2848295	777.298274059	0.551259665
46	2861096	781.113699835	3.815425776
46	2864096	781.887987907	0.774288072
46	2866761	782.440791403	0.552803496
46	2867095	782.545228239	0.104436836
46	2876899	785.832021514	3.286793275
46	2880327	786.998611109	1.166589595
46	2884313	788.115960256	1.117349147
46	2889336	789.509479663	1.393519407
46	2903012	793.275685146	3.766205483
46	2903443	793.395473403	0.119788257
46	2904089	793.518256722	0.122783319
46	2906935	794.30953332	0.791276598
46	2910380	795.383770705	1.074237385
46	2913829	796.249992391	0.866221686
46	2925886	799.023685702	2.773693311
46	2933884	801.738938736	2.715253034
46	2936064	802.419899997	0.680961261
46	2936442	802.497074125	0.077174128
46	2938679	803.061198926	0.564124801
46	2943457	804.312312143	1.251113217
46	2946703	804.849684594	0.537372451
46	2952862	806.540559048	1.690874454
46	2960745	808.82944141	2.288882362
46	2962280	809.245541884	0.416100474
46	2970250	811.392962077	2.147420193
46	2970892	811.63140784	0.238445763
46	2976685	813.391606894	1.760199054
46	2981497	814.734425452	1.342818558
46	2992656	818.221584302	3.48715885
46	2993308	818.401642356	0.180058054
46	2999810	820.247130847	1.845488491
46	3007638	822.860243946	2.613113099
46	3017328	825.856476248	2.996232302
46	3022307	827.463291728	1.60681548
46	3025506	828.343145857	0.879854129
46	3037799	832.810226768	4.467080911
46	3044220	834.829724575	2.019497807
46	3049091	836.48199815	1.652273575
46	3066427	841.315884207	4.833886057
46	3066726	841.41363022	0.097746013
46	3067599	841.736702351	0.323072131
46	3068130	841.884623307	0.147920956
46	3070981	842.611994953	0.727371646
46	3081581	845.149008331	2.537013378
46	3082856	845.536009218	0.387000887
46	3092640	847.991105943	2.455096725
46	3093365	848.207641139	0.216535196
46	3097522	848.98603163	0.778390491
46	3102086	850.068686549	1.082654919
46	3107299	851.244259829	1.17557328
46	3111111	852.236334726	0.992074897
46	3114404	852.738181755	0.501847029
46	3118299	853.500252779	0.762071024
46	3132798	856.519168054	3.018915275
46	3133676	856.852493346	0.333325292
46	3134460	857.084115166	0.23162182
46	3146477	859.859317266	2.7752021
46	3153244	861.694580446	1.83526318
46	3155160	862.147667932	0.453087486
46	3157848	862.780003378	0.632335446
46	3166464	864.287605699	1.507602321
46	3170453	865.27055867	0.982952971
46	3181501	867.831237574	2.560678904
46	3184261	868.29229333	0.461055756
46	3187974	869.05857844	0.76628511
46	3200391	871.563090521	2.504512081
46	3202438	872.122454058	0.559363537
46	3232624	878.974991571	6.852537513
46	3233803	879.328208635	0.353217064
46	3270601	888.526188407	9.197979772
46	3274548	889.54976926	1.023580853
46	3283479	891.437582986	1.887813726
46	3293325	894.291900962	2.854317976
46	3320447	902.365537654	8.073636692
46	3322641	902.777611484	0.41207383
46	3323769	903.017471705	0.239860221
46	3330914	904.738775812	1.721304107
46	3333362	905.331381428	0.592605616
46	3334454	905.634852668	0.30347124
46	3352409	910.279724322	4.644871654
46	3354355	910.997625365	0.717901043
46	3356316	911.564752046	0.567126681
46	3365697	914.153731696	2.58897965
46	3370856	915.673976409	1.520244713
46	3375960	917.402492373	1.728515964
46	3379519	918.395681193	0.99318882
46	3380144	918.608477356	0.212796163
46	3391739	921.893463582	3.284986226
46	3398745	923.833197223	1.939733641
46	3399951	924.173275603	0.34007838
46	3402234	924.792040208	0.618764605
46	3402391	924.825692434	0.033652226
46	3411940	926.988043916	2.162351482
46	3412430	927.181132047	0.193088131
46	3416769	928.560796733	1.379664686
46	3419102	929.206204643	0.64540791
46	3420521	929.55353679	0.347332147
46	3423705	930.356644871	0.803108081
46	3428535	931.377381285	1.020736414
46	3429586	931.665429491	0.288048206
46	3436963	933.392142068	1.726712577
46	3441749	934.682970914	1.290828846
46	3454696	938.571192146	3.888221232
46	3461983	940.515212641	1.944020495
46	3467947	942.521154384	2.005941743
46	3474369	944.343056636	1.821902252
46	3489620	948.944144885	4.601088249
46	3489980	949.047056119	0.102911234
46	3493362	950.112206281	1.065150162
46	3498315	951.607663744	1.495457463
46	3503524	953.149074431	1.541410687
46	3504275	953.390023649	0.240949218
46	3504691	953.506323428	0.116299779
46	3507959	954.41853923	0.912215802
46	3511281	955.332849195	0.914309965
46	3512870	955.834738221	0.501889026
46	3520185	957.725784913	1.891046692
46	3521592	958.136388733	0.41060382
46	3521970	958.274310403	0.13792167
46	3530622	961.084778436	2.810468033
46	3537022	962.836408812	1.751630376
46	3555370	967.577242928	4.740834116
46	3557307	968.16193233	0.584689402
46	3560062	968.865425814	0.703493484
46	3566635	970.159024166	1.293598352
46	3569023	970.693485125	0.534460959
46	3598487	977.748729475	7.05524435
46	3607994	980.067600974	2.318871499
46	3632373	985.545983869	5.478382895
46	3651206	989.533937754	3.987953885
46	3673692	994.477617726	4.943679972
46	3686749	997.418708894	2.941091168
46	3692572	998.819308642	1.400599748
46	3695212	999.578279636	0.758970994
46	3699075	1000.357924438	0.779644802
46	3703657	1001.641871265	1.283946827
46	3705142	1002.223689046	0.581817781
46	3708660	1003.05891513	0.835226084
46	3713513	1004.259246321	1.200331191
46	3713990	1004.4154957	0.156249379
46	3717857	1005.322585552	0.907089852
46	3722388	1006.297297242	0.97471169
46	3722992	1006.404698083	0.107400841
46	3725676	1007.168970155	0.764272072
46	3726144	1007.27262483	0.103654675
46	3727790	1007.690683066	0.418058236
46	3727845	1007.696446765	0.005763699
46	3728058	1007.747643856	0.051197091
46	3730244	1008.168073016	0.42042916
46	3732585	1008.658508977	0.490435961
46	3736213	1009.311969732	0.653460755
46	3744811	1010.864678818	1.552709086
46	3746133	1011.256694111	0.392015293
46	3754615	1013.481300943	2.224606832
46	3755130	1013.619995249	0.138694306
46	3755145	1013.620276133	0.000280884
46	3756557	1014.037185016	0.416908883
46	3767468	1017.696487944	3.659302928
46	3771470	1018.780923803	1.084435859
46	3779103	1020.245380795	1.464456992
46	3780881	1020.801620455	0.55623966
46	3782539	1021.331241419	0.529620964
46	3787338	1022.751733831	1.420492412
46	3788618	1023.097291454	0.345557623
46	3805237	1026.814792548	3.717501094
46	3811386	1028.554263943	1.739471395
46	3817018	1030.004711134	1.450447191
46	3839978	1036.28928608	6.284574946
46	3840902	1036.589532916	0.300246836
46	3851672	1039.47657595	2.887043034
46	3859795	1041.644705276	2.168129326
46	3861772	1042.16805121	0.523345934
46	3881054	1047.250336281	5.082285071
46	3889162	1048.867972841	1.61763656
46	3891994	1049.919983954	1.052011113
46	3923910	1059.743410144	9.82342619
46	3924922	1059.975846729	0.232436585
46	3932264	1061.598281945	1.622435216
46	3933160	1061.934511347	0.336229402
46	3940817	1064.421609039	2.487097692
46	3946280	1066.036705311	1.615096272
46	3950254	1067.092460734	1.055755423
46	3954364	1068.562595426	1.470134692
46	3965663	1071.576576469	3.013981043
46	3978204	1075.480538676	3.903962207
46	3984697	1077.167983642	1.687444966
46	3993929	1080.405590442	3.2376068
46	3997566	1081.581060228	1.175469786
46	3999158	1082.144474318	0.56341409
46	4000162	1082.507935913	0.363461595
46	4006436	1084.057284384	1.549348471
46	4013131	1085.66004929	1.602764906
46	4018328	1087.102919117	1.442869827
46	4056374	1096.359093883	9.256174766
46	4061691	1097.92429098	1.565197097
46	4062144	1098.031491127	0.107200147
46	4064399	1098.476721016	0.445229889
46	4069165	1099.681876853	1.205155837
46	4100368	1107.968122281	8.286245428
46	4101267	1108.151931055	0.183808774
46	4116817	1111.679930844	3.527999789
46	4124755	1113.557262982	1.877332138
46	4134989	1115.501182454	1.943919472
46	4144783	1118.055371248	2.554188794
46	4145201	1118.185591031	0.130219783
46	4145651	1118.306433202	0.120842171
46	4147034	1118.722888309	0.416455107
46	4158201	1121.332565959	2.60967765
46	4172775	1124.781980645	3.449414686
46	4176273	1125.490281908	0.708301263
46	4185071	1127.159933084	1.669651176
46	4186500	1127.619387543	0.459454459
46	4195255	1129.761297817	2.141910274
46	4197964	1130.137760404	0.376462587
46	4204599	1131.566140336	1.428379932
46	4217586	1135.941385668	4.375245332
46	4218095	1136.185167336	0.243781668
46	4229361	1141.024279021	4.839111685
46	4232968	1142.928009431	1.90373041
46	4235043	1143.666410138	0.738400707
47	497776	153.351506178	4.926924634
47	497841	153.365491967	0.013985789
47	509153	155.332269594	1.966777627
47	511627	155.94020377	0.607934176
47	514858	156.636651965	0.696448195
47	516387	156.949178898	0.312526933
47	518751	157.478646964	0.529468066
47	523721	158.685599046	1.206952082
47	537868	162.010402719	3.324803673
47	539116	162.361308206	0.350905487
47	542106	163.011711656	0.65040345
47	548488	164.322539296	1.31082764
47	561894	167.43471062	3.112171324
47	566029	168.447004433	1.012293813
47	571727	169.678007202	1.231002769
47	589784	175.283626858	5.605619656
47	598402	178.263052728	2.97942587
47	598775	178.413313108	0.15026038
47	599661	178.737158453	0.323845345
47	602118	179.662561001	0.925402548
47	613048	183.644048124	3.981487123
47	613736	183.869179329	0.225131205
47	624430	187.906066118	4.036886789
47	631303	189.933429298	2.02736318
47	640753	193.132756857	3.199327559
47	646167	195.103087896	1.970331039
47	650731	196.650660838	1.547572942
47	651197	196.816790488	0.16612965
47	656928	199.291837104	2.475046616
47	657761	199.621044212	0.329207108
47	659659	200.29128099	0.670236778
47	669158	203.711899216	3.420618226
47	676822	206.863722036	3.15182282
47	685718	210.351076653	3.487354617
47	689998	211.85158671	1.500510057
47	691535	212.492445949	0.640859239
47	702540	215.815739462	3.323293513
47	706950	217.251309017	1.435569555
47	707396	217.416041837	0.16473282
47	716452	220.283536834	2.867494997
47	723443	222.753262009	2.469725175
47	730079	224.958553255	2.205291246
47	734610	226.480757035	1.52220378
47	742784	229.504635523	3.023878488
47	753036	232.783958162	3.279322639
47	756545	233.830144922	1.04618676
47	757815	234.287065245	0.456920323
47	771683	239.737737154	5.450671909
47	784654	242.782950121	3.045212967
47	801592	246.790069929	4.007119808
47	804280	247.507597215	0.717527286
47	809466	248.713663325	1.20606611
47	813794	249.838419061	1.124755736
47	816400	250.387466692	0.549047631
47	825621	252.230754393	1.843287701
47	827778	252.611778048	0.381023655
47	848010	256.93557158	4.323793532
47	848999	257.150787987	0.215216407
47	867534	260.962729608	3.811941621
47	870266	261.531583844	0.568854236
47	872534	261.946696426	0.415112582
47	885797	265.047894674	3.101198248
47	890161	265.861777611	0.813882937
47	894857	266.817309781	0.95553217
47	914080	270.476452404	3.659142623
47	933832	274.402444496	3.925992092
47	939015	275.468146701	1.065702205
47	956419	279.658292748	4.190146047
47	957227	279.85975957	0.201466822
47	958648	280.181101701	0.321342131
47	962301	281.155015124	0.973913423
47	965566	281.841947974	0.68693285
47	967175	282.251872384	0.40992441
47	967802	282.36424185	0.112369466
47	978432	284.755726347	2.391484497
47	1010889	291.552220858	6.796494511
47	1018841	293.900558115	2.348337257
47	1019176	293.998257691	0.097699576
47	1019245	294.020839206	0.022581515
47	1029172	297.106391523	3.085552317
47	1029903	297.335834079	0.229442556
47	1031410	297.890352176	0.554518097
47	1033907	298.853797578	0.963445402
47	1034561	299.12547673	0.271679152
47	1034834	299.269157763	0.143681033
47	1035266	299.529761317	0.260603554
47	1037439	300.396365306	0.866603989
47	1039952	301.257964954	0.861599648
47	1042759	302.257609432	0.999644478
47	1045765	303.283638286	1.026028854
47	1047780	303.823043406	0.53940512
47	1069677	310.211555713	6.388512307
47	1073272	311.479028208	1.267472495
47	1073612	311.596627356	0.117599148
47	1080119	313.19837742	1.601750064
47	1081800	313.732457232	0.534079812
47	1085165	314.771841228	1.039383996
47	1087513	315.578402863	0.806561635
47	1093050	317.504562443	1.92615958
47	1095075	318.107641539	0.603079096
47	1100497	319.711633556	1.603992017
47	1107234	321.990807475	2.279173919
47	1119891	325.923026849	3.932219374
47	1122342	326.770031392	0.847004543
47	1123689	327.257663305	0.487631913
47	1128996	329.004670249	1.747006944
47	1129300	329.128610245	0.123939996
47	1129521	329.233540775	0.10493053
47	1133186	330.784737172	1.551196397
47	1133898	331.111328851	0.326591679
47	1137283	332.108918873	0.997590022
47	1162731	340.189638776	8.080719903
47	1168478	342.213525397	2.023886621
47	1169946	342.724212992	0.510687595
47	1172388	343.637559248	0.913346256
47	1175600	344.865807227	1.228247979
47	1180419	346.46118004	1.595372813
47	1180568	346.500841289	0.039661249
47	1182102	347.005341279	0.50449999
47	1182233	347.05769271	0.052351431
47	1184987	348.021810834	0.964118124
47	1191705	350.327622091	2.305811257
47	1196560	352.143069141	1.81544705
47	1214754	357.932258261	5.78918912
47	1216694	358.572136112	0.639877851
47	1219242	359.543564462	0.97142835
47	1221260	360.353051102	0.80948664
47	1225175	361.257952906	0.904901804
47	1226982	361.724647083	0.466694177
47	1229109	362.354985272	0.630338189
47	1232430	363.081551915	0.726566643
47	1235958	363.926008384	0.844456469
47	1246345	366.299788893	2.373780509
47	1247598	366.492931832	0.193142939
47	1249113	366.765501331	0.272569499
47	1250134	366.970007575	0.204506244
47	1261051	369.297525026	2.327517451
47	1268625	370.959757572	1.662232546
47	1270234	371.386496635	0.426739063
47	1282477	374.106673699	2.720177064
47	1297303	377.462193639	3.35551994
47	1303332	378.775723479	1.31352984
47	1305002	379.172735297	0.397011818
47	1309603	380.361060414	1.188325117
47	1316311	381.616382732	1.255322318
47	1323356	383.039975016	1.423592284
47	1332039	385.170913541	2.130938525
47	1340741	387.077443505	1.906529964
47	1346307	388.403455655	1.32601215
47	1349244	388.89712857	0.493672915
47	1372523	393.833859989	4.936731419
47	1388791	397.386064484	3.552204495
47	1389054	397.461018264	0.07495378
47	1391212	398.038166125	0.577147861
47	1395595	399.066682304	1.028516179
47	1401807	400.602660665	1.535978361
47	1410236	402.72130938	2.118648715
47	1414538	403.661296232	0.939986852
47	1417208	404.282668123	0.621371891
47	1422932	405.742573924	1.459905801
47	1423571	405.838033105	0.095459181
47	1428509	406.894446706	1.056413601
47	1431866	407.594014658	0.699567952
47	1438426	409.05018826	1.456173602
47	1447540	411.383439956	2.333251696
47	1459339	415.446079246	4.06263929
47	1462554	416.3241122	0.878032954
47	1465724	417.291539309	0.967427109
47	1466130	417.448394408	0.156855099
47	1473749	419.237420507	1.789026099
47	1479210	421.406755788	2.169335281
47	1481577	422.160498025	0.753742237
47	1482916	422.708799102	0.548301077
47	1487768	424.010922032	1.30212293
47	1491472	424.948211849	0.937289817
47	1509158	430.277776056	5.329564207
47	1528963	435.985307988	5.707531932
47	1530071	436.432022499	0.446714511
47	1537933	439.096019053	2.663996554
47	1543565	441.132071958	2.036052905
47	1544308	441.508003045	0.375931087
47	1548956	442.805183906	1.297180861
47	1571686	450.749076439	7.943892533
47	1578749	453.144266902	2.395190463
47	1579686	453.385382458	0.241115556
47	1579787	453.41419446	0.028812002
47	1583389	454.374856661	0.960662201
47	1587043	455.507661417	1.132804756
47	1591098	456.5789147	1.071253283
47	1593148	457.324353565	0.745438865
47	1618531	465.237345155	7.91299159
47	1619452	465.516124701	0.278779546
47	1628787	468.548577777	3.032453076
47	1630713	469.18294299	0.634365213
47	1634988	470.526757735	1.343814745
47	1640754	472.597241284	2.070483549
47	1645161	473.932848487	1.335607203
47	1647462	474.823612823	0.890764336
47	1652029	476.293351866	1.469739043
47	1659705	478.750523366	2.4571715
47	1670682	481.561131233	2.810607867
47	1680044	484.207036062	2.645904829
47	1687227	486.190303782	1.98326772
47	1689012	486.548204657	0.357900875
47	1704154	490.194198962	3.645994305
47	1705414	490.482351219	0.288152257
47	1708939	491.365791568	0.883440349
47	1728007	496.206874005	4.841082437
47	1744059	499.723506849	3.516632844
47	1752258	501.418864721	1.695357872
47	1776118	506.265879954	4.847015233
47	1787661	508.84928299	2.583403036
47	1792430	509.867600393	1.018317403
47	1794829	510.576651172	0.709050779
47	1801084	511.965039282	1.38838811
47	1804530	512.53047268	0.565433398
47	1804808	512.587585088	0.057112408
47	1824604	516.447784207	3.860199119
47	1829427	517.182113288	0.734329081
47	1834001	518.263251565	1.081138277
47	1835921	518.616107778	0.352856213
47	1840114	519.775910007	1.159802229
47	1854616	523.411762252	3.635852245
47	1857987	524.25767418	0.845911928
47	1863855	525.501829965	1.244155785
47	1866168	525.961971991	0.460142026
47	1880783	529.312601791	3.3506298
47	1892018	532.371851926	3.059250135
47	1899963	535.274380079	2.902528153
47	1917031	540.346389968	5.072009889
47	1923764	542.529239065	2.182849097
47	1925918	542.99243761	0.463198545
47	1933811	545.541070438	2.548632828
47	1936130	546.284822493	0.743752055
47	1943272	548.847149274	2.562326781
47	1958037	553.005986451	4.158837177
47	1959033	553.287923557	0.281937106
47	1961769	554.278399718	0.990476161
47	1962233	554.495452361	0.217052643
47	1970401	557.036048687	2.540596326
47	1981726	559.86305608	2.827007393
47	1994368	563.236865837	3.373809757
47	2002904	566.522078641	3.285212804
47	2005464	567.436807528	0.914728887
47	2008190	568.190657861	0.753850333
47	2014502	570.033582302	1.842924441
47	2034430	574.868408669	4.834826367
47	2038052	576.090598779	1.22219011
47	2065996	583.756574897	7.665976118
47	2066310	583.874124842	0.117549945
47	2067932	584.474847433	0.600722591
47	2071117	585.288909735	0.814062302
47	2072181	585.732698265	0.44378853
47	2073505	586.25026514	0.517566875
47	2077715	587.177132187	0.926867047
47	2078118	587.290344231	0.113212044
47	2079903	587.787141691	0.49679746
47	2083886	588.895533662	1.108391971
47	2088985	590.603525976	1.707992314
47	2089515	590.820434962	0.216908986
47	2097775	592.823717895	2.003282933
47	2111090	596.267052139	3.443334244
47	2112999	596.85358301	0.586530871
47	2116097	597.683347612	0.829764602
47	2131087	601.838117467	4.154769855
47	2134529	602.883427726	1.045310259
47	2138496	603.912052604	1.028624878
47	2143441	605.182380388	1.270327784
47	2143867	605.314479191	0.132098803
47	2145111	605.634183261	0.31970407
47	2148638	606.545573243	0.911389982
47	2156077	608.142322553	1.59674931
47	2171587	611.890723956	3.748401403
47	2174731	612.471317226	0.58059327
47	2181492	613.714980878	1.243663652
47	2184603	614.439221016	0.724240138
47	2186291	614.878484654	0.439263638
47	2206028	619.037173511	4.158688857
47	2212973	620.503428711	1.4662552
47	2220796	621.660055755	1.156627044
47	2223486	622.138594827	0.478539072
47	2225054	622.649802611	0.511207784
47	2228413	623.341871684	0.692069073
47	2233000	624.133062501	0.791190817
47	2233468	624.227711038	0.094648537
47	2236859	625.110657026	0.882945988
47	2239369	625.798550385	0.687893359
47	2239816	625.880203804	0.081653419
47	2246299	627.041110579	1.160906775
47	2270600	632.160307077	5.119196498
47	2271500	632.387108445	0.226801368
47	2280526	633.863641713	1.476533268
47	2291901	635.806372456	1.942730743
47	2292349	635.931217462	0.124845006
47	2309239	638.821981934	2.890764472
47	2326664	642.685899717	3.863917783
47	2329677	643.397609295	0.711709578
47	2334994	644.555338799	1.157729504
47	2336257	644.946068825	0.390730026
47	2338944	645.734042765	0.78797394
47	2363068	651.290055977	5.556013212
47	2376545	655.516043064	4.225987087
47	2388020	658.911079312	3.395036248
47	2390625	659.676754177	0.765674865
47	2393913	660.748207348	1.071453171
47	2395795	661.390046816	0.641839468
47	2395931	661.449352188	0.059305372
47	2403139	663.44999356	2.000641372
47	2406906	664.430684592	0.980691032
47	2407398	664.560686649	0.130002057
47	2415231	667.047037551	2.486350902
47	2422187	668.34229338	1.295255829
47	2426890	669.751861547	1.409568167
47	2429874	670.598401684	0.846540137
47	2430165	670.708870732	0.110469048
47	2432845	671.710022655	1.001151923
47	2437990	672.993893608	1.283870953
47	2444901	674.747165428	1.75327182
47	2445452	674.932171766	0.185006338
47	2450130	676.127761727	1.195589961
47	2465017	680.155628592	4.027866865
47	2469107	681.20196799	1.046339398
47	2477120	683.613557245	2.411589255
47	2480952	684.842607982	1.229050737
47	2481464	685.052058872	0.20945089
47	2483475	685.646913533	0.594854661
47	2503427	691.650294834	6.003381301
47	2506053	692.348285506	0.697990672
47	2511850	693.666228821	1.317943315
47	2513699	694.166020653	0.499791832
47	2515627	694.805409174	0.639388521
47	2516560	695.139999197	0.334590023
47	2518113	695.711521922	0.571522725
47	2521225	696.662328556	0.950806634
47	2521813	696.852609834	0.190281278
47	2521948	696.891637293	0.039027459
47	2524416	697.825231769	0.933594476
47	2532896	699.846260846	2.021029077
47	2541175	702.55201672	2.705755874
47	2542171	702.732404254	0.180387534
47	2546104	703.699234271	0.966830017
47	2546144	703.709154906	0.009920635
47	2547784	704.200103405	0.490948499
47	2555315	706.438177703	2.238074298
47	2556467	706.777663236	0.339485533
47	2561317	707.98449295	1.206829714
47	2561729	708.12041717	0.13592422
47	2564942	708.906022611	0.785605441
47	2584155	715.05997001	6.153947399
47	2599390	718.982491797	3.922521787
47	2600745	719.400864016	0.418372219
47	2601001	719.530610277	0.129746261
47	2604645	720.736279669	1.205669392
47	2608333	721.981471336	1.245191667
47	2614008	723.524402904	1.542931568
47	2629293	727.039562118	3.515159214
47	2635063	728.4125388	1.372976682
47	2638542	729.338677484	0.926138684
47	2661190	734.505951369	5.167273885
47	2662257	734.719763124	0.213811755
47	2671630	737.114923071	2.395159947
47	2675247	738.037914154	0.922991083
47	2686064	740.028697292	1.990783138
47	2695862	742.052484946	2.023787654
47	2699409	742.918884048	0.866399102
47	2705437	744.385826233	1.466942185
47	2727488	749.216560301	4.830734068
47	2736239	751.127230451	1.91067015
47	2739381	751.859908643	0.732678192
47	2740543	752.19463329	0.334724647
47	2746049	753.365062179	1.170428889
47	2747594	753.660666505	0.295604326
47	2749114	753.987005122	0.326338617
47	2750668	754.267634448	0.280629326
47	2756045	755.454452707	1.186818259
47	2757296	755.814893405	0.360440698
47	2764326	757.246539655	1.43164625
47	2775081	759.301507614	2.054967959
47	2775572	759.433117579	0.131609965
47	2784313	761.146756944	1.713639365
47	2784959	761.321170614	0.17441367
47	2788592	762.281796972	0.960626358
47	2797295	764.204920801	1.923123829
47	2807992	766.371698315	2.166777514
47	2811074	767.08568062	0.713982305
47	2819072	768.880958732	1.795278112
47	2823237	769.76786357	0.886904838
47	2844529	776.313797619	6.545934049
47	2850140	777.776502789	1.46270517
47	2854312	778.883151022	1.106648233
47	2854763	779.060503988	0.177352966
47	2866922	782.494214392	3.433710404
47	2874924	785.194983996	2.700769604
47	2880402	787.015818134	1.820834138
47	2891098	789.984447892	2.968629758
47	2897236	791.748289241	1.763841349
47	2903282	793.365290479	1.617001238
47	2917917	797.32630158	3.961011101
47	2923008	798.137442835	0.811141255
47	2937777	802.737986987	4.600544152
47	2938484	802.980938499	0.242951512
47	2943345	804.299483219	1.31854472
47	2947504	805.200962554	0.901479335
47	2948199	805.333028942	0.132066388
47	2950302	805.841914424	0.508885482
47	2957453	807.956366221	2.114451797
47	2962544	809.29702267	1.340656449
47	2969729	811.191794434	1.894771764
47	2975809	813.179843303	1.988048869
47	2980732	814.421166319	1.241323016
47	2980828	814.460197113	0.039030794
47	2981806	814.816478833	0.35628172
47	2986665	816.21101018	1.394531347
47	2993930	818.596566859	2.385556679
47	2994260	818.719216443	0.122649584
47	3011037	823.858161925	5.138945482
47	3013126	824.56744247	0.709280545
47	3021225	827.124095031	2.556652561
47	3025055	828.20843503	1.084339999
47	3028558	829.248898137	1.040463107
47	3029368	829.54465598	0.295757843
47	3033466	831.120065497	1.575409517
47	3037907	832.851816437	1.73175094
47	3043280	834.417162541	1.565346104
47	3047880	836.113634144	1.696471603
47	3050072	836.792104559	0.678470415
47	3054565	838.177657946	1.385553387
47	3061380	839.90516869	1.727510744
47	3066844	841.453126371	1.547957681
47	3082006	845.296732611	3.84360624
47	3097219	848.902496697	3.605764086
47	3131758	856.254815636	7.352318939
47	3134140	856.961053953	0.706238317
47	3146605	859.908766769	2.947712816
47	3147845	860.266974881	0.358208112
47	3151215	861.112476924	0.845502043
47	3151670	861.240767306	0.128290382
47	3176353	866.599850841	5.359083535
47	3176529	866.650332109	0.050481268
47	3178365	867.194671361	0.544339252
47	3178766	867.303403206	0.108731845
47	3187077	868.89178649	1.588383284
47	3196140	870.482938727	1.591152237
47	3199447	871.275520527	0.7925818
47	3215736	874.907588348	3.632067821
47	3232347	878.880819622	3.973231274
47	3244719	882.235330915	3.354511293
47	3250146	883.181108693	0.945777778
47	3265627	887.168936519	3.987827826
47	3271358	888.771472324	1.602535805
47	3272229	888.973847805	0.202375481
47	3273050	889.166111235	0.19226343
47	3279435	890.304296852	1.138185617
47	3289614	893.276583821	2.972286969
47	3290794	893.599940666	0.323356845
47	3293124	894.234309217	0.634368551
47	3298056	895.922268191	1.687958974
47	3300575	896.74824865	0.825980459
47	3303233	897.448391182	0.700142532
47	3309169	898.585397608	1.137006426
47	3310811	899.127412758	0.54201515
47	3310892	899.175759019	0.048346261
47	3319900	902.162891196	2.987132177
47	3327628	903.951896986	1.78900579
47	3335066	905.855909365	1.904012379
47	3335788	906.069664208	0.213754843
47	3365640	914.130660857	8.060996649
47	3369513	915.269351857	1.138691
47	3373309	916.604380509	1.335028652
47	3377591	917.886366871	1.281986362
47	3389298	920.905418038	3.019051167
47	3389364	920.932083893	0.026665855
47	3391636	921.84052913	0.908445237
47	3391863	921.919500305	0.078971175
47	3396897	923.279570304	1.360069999
47	3403953	925.178166447	1.898596143
47	3411694	926.926838337	1.74867189
47	3412953	927.447640435	0.520802098
47	3413562	927.692077294	0.244436859
47	3413613	927.704410895	0.012333601
47	3417279	928.706886338	1.002475443
47	3419948	929.409656747	0.702770409
47	3420475	929.542905992	0.133249245
47	3425206	930.675067058	1.132161066
47	3432936	932.454216318	1.77914926
47	3446585	935.86018281	3.405966492
47	3450070	937.105425933	1.245243123
47	3466753	942.008960193	4.90353426
47	3474359	944.337647087	2.328686894
47	3475408	944.685615716	0.347968629
47	3478270	945.564634863	0.879019147
47	3481834	946.629386303	1.06475144
47	3486113	948.161642115	1.532255812
47	3491825	949.682796341	1.521154226
47	3492046	949.743458277	0.060661936
47	3498927	951.841649049	2.098190772
47	3501552	952.648271088	0.806622039
47	3506351	953.956756577	1.308485489
47	3510795	955.161723076	1.204966499
47	3514023	956.202971175	1.041248099
47	3518849	957.203972641	1.001001466
47	3521554	958.126061627	0.922088986
47	3533799	961.939639687	3.81357806
47	3539847	963.616522074	1.676882387
47	3548504	965.364877394	1.74835532
47	3554279	967.109119563	1.744242169
47	3573016	971.653852512	4.544732949
47	3587477	974.52281201	2.868959498
47	3596349	976.965251087	2.442439077
47	3596744	977.139474104	0.174223017
47	3598824	977.847872511	0.708398407
47	3599095	977.934791079	0.086918568
47	3620431	982.704425191	4.769634112
47	3624650	983.65011495	0.945689759
47	3628070	984.402855015	0.752740065
47	3631401	985.232474918	0.829619903
47	3639562	987.344601711	2.112126793
47	3644165	988.073001793	0.728400082
47	3664440	992.555173762	4.482171969
47	3674354	994.619029365	2.063855603
47	3675286	994.8519858	0.232956435
47	3679328	995.800588531	0.948602731
47	3681318	996.286931201	0.48634267
47	3682717	996.505179923	0.218248722
47	3688207	997.702717136	1.197537213
47	3689974	998.060146149	0.357429013
47	3690414	998.186744744	0.126598595
47	3691342	998.43483066	0.248085916
47	3691864	998.603399083	0.168568423
47	3703163	1001.475181713	2.87178263
47	3713657	1004.303587351	2.828405638
47	3715542	1004.819306754	0.515719403
47	3717280	1005.184464255	0.365157501
47	3720422	1006.018705243	0.834240988
47	3733294	1008.767669661	2.748964418
47	3740103	1009.981657086	1.213987425
47	3749583	1012.180480833	2.198823747
47	3765215	1016.824249974	4.643769141
47	3771100	1018.692362975	1.868113001
47	3776983	1019.667906719	0.975543744
47	3778137	1019.979670422	0.311763703
47	3782554	1021.331768251	1.352097829
47	3789563	1023.341778902	2.010010651
47	3802387	1026.052327463	2.710548561
47	3811333	1028.541858183	2.48953072
47	3811645	1028.632917855	0.091059672
47	3817081	1030.022912381	1.389994526
47	3818247	1030.370303418	0.347391037
47	3820180	1030.77989849	0.409595072
47	3827738	1032.865106117	2.085207627
47	3835404	1034.93413726	2.069031143
47	3838885	1035.915069989	0.980932729
47	3839344	1036.095669363	0.180599374
47	3842664	1037.075036673	0.97936731
47	3849455	1038.879909879	1.804873206
47	3851194	1039.347569771	0.467659892
47	3852496	1039.763717294	0.416147523
47	3863761	1042.762414364	2.99869707
47	3863786	1042.774927252	0.012512888
47	3879875	1046.719369619	3.944442367
47	3890535	1049.382863182	2.663493563
47	3897168	1051.447877572	2.06501439
47	3906972	1053.986570207	2.538692635
47	3907757	1054.265487871	0.278917664
47	3914756	1056.617085575	2.351597704
47	3915912	1057.011646754	0.394561179
47	3924318	1059.856307301	2.844660547
47	3932271	1061.598281945	1.741974644
47	3932991	1061.861731397	0.263449452
47	3937278	1063.371197353	1.509465956
47	3940723	1064.399702765	1.028505412
47	3974908	1074.315827193	9.916124428
47	3986881	1078.07054425	3.754717057
47	3988702	1078.772403773	0.701859523
47	3998437	1081.921100934	3.148697161
47	4037715	1091.649776233	9.728675299
47	4046101	1093.752603312	2.102827079
47	4057510	1096.654903012	2.9022997
47	4066588	1098.917192435	2.262289423
47	4079098	1102.27722985	3.360037415
47	4084413	1103.703469668	1.426239818
47	4087843	1104.446774744	0.743305076
47	4089797	1104.965161572	0.518386828
47	4093310	1106.032647361	1.067485789
47	4097287	1107.073505851	1.04085849
47	4105554	1109.055005055	1.981499204
47	4108016	1109.639430642	0.584425587
47	4113757	1110.883892385	1.244461743
47	4117706	1111.908178368	1.024285983
47	4119098	1112.248766377	0.340588009
47	4127590	1114.189124761	1.940358384
47	4134127	1115.238398573	1.049273812
47	4142288	1117.309429109	2.071030536
47	4142783	1117.500955549	0.19152644
47	4147107	1118.738251539	1.23729599
47	4149050	1119.223141783	0.484890244
47	4152778	1120.191081202	0.967939419
47	4155266	1120.776176134	0.585094932
47	4156856	1121.119620745	0.343444611
47	4164748	1122.718491826	1.598871081
47	4169996	1124.033929105	1.315437279
47	4175296	1125.226448464	1.192519359
47	4195590	1129.832999682	4.606551218
47	4201205	1130.707186838	0.874187156
47	4208935	1132.864118982	2.156932144
47	4214995	1134.967319124	2.103200142
47	4218842	1136.48937738	1.522058256
47	4222971	1138.495302481	2.005925101
47	4228120	1140.545737377	2.050434896
47	4236389	1144.115641675	3.569904298
47	4239565	1145.245019006	1.129377331
47	4243925	1147.536214567	2.291195561
47	4244090	1147.626820593	0.090606026
47	4245960	1148.393017298	0.766196705
