version 2
run ChordDht-8-20211202-15:52:06-10332
attr Lifetime 900s
attr configname ChordDht
attr datetime 20211202-15:52:06
attr experiment ChordDht
attr inifile configs.ini
attr iterationvars $Lifetime=900s
attr iterationvars2 "$Lifetime=900s, $repetition=0"
attr measurement $Lifetime=900s
attr network oversim.underlay.simpleunderlay.SimpleUnderlayNetwork
attr processid 10332
attr repetition 0
attr replication #0
attr resultdir results
attr runnumber 8
attr seedset 8

vector 49  SimpleUnderlayNetwork.globalObserver.globalStatistics  "GlobalNodeList: Number of nodes"  ETV
vector 50  SimpleUnderlayNetwork.globalObserver.globalStatistics  "GlobalDhtTestMap: Number of stored DHT entries"  ETV
vector 51  SimpleUnderlayNetwork.globalObserver.globalStatistics  "LifetimeChurn: Time between deletes"  ETV
vector 52  SimpleUnderlayNetwork.globalObserver.globalStatistics  "LifetimeChurn: Session Time"  ETV
vector 53  SimpleUnderlayNetwork.globalObserver.globalStatistics  "LifetimeChurn: Time between creates"  ETV
49	492527	150	507
49	679168	200	493
49	837544	250	488
49	1060115	300	489
49	1213645	350	491
49	1425824	400	486
49	1607905	450	485
49	1806415	500	504
49	2030582	550	517
49	2200949	600	507
49	2414067	650	495
49	2590851	700	499
49	2792356	750	504
49	2984677	800	485
49	3151804	850	488
49	3362413	900	489
49	3526383	950	494
49	3743386	1000	506
49	3950437	1050	517
49	4152785	1100	513
50	492528	150	761
50	538449	160	835
50	586424	170	906
50	620820	180	973
50	652398	190	1062
50	679169	200	1143
50	709164	210	1236
50	736000	220	1313
50	766353	230	1375
50	794412	240	1443
50	837545	250	1531
50	885215	260	1623
50	931406	270	1697
50	978780	280	1775
50	1026942	290	1842
50	1060116	300	1924
50	1089820	310	2005
50	1117942	320	2091
50	1146999	330	2170
50	1181197	340	2237
50	1213646	350	2312
50	1244854	360	2375
50	1288356	370	2384
50	1336290	380	2381
50	1379791	390	2346
50	1425825	400	2342
50	1472752	410	2348
50	1513448	420	2363
50	1546308	430	2374
50	1576749	440	2362
50	1607906	450	2332
50	1639276	460	2320
50	1671203	470	2329
50	1706810	480	2343
50	1753357	490	2329
50	1806416	500	2341
50	1854404	510	2327
50	1901184	520	2329
50	1952985	530	2342
50	1992078	540	2353
50	2030583	550	2342
50	2065931	560	2341
50	2101239	570	2352
50	2133776	580	2347
50	2167744	590	2356
50	2200950	600	2354
50	2241955	610	2364
50	2287708	620	2351
50	2330639	630	2356
50	2372573	640	2370
50	2414068	650	2375
50	2449903	660	2376
50	2483665	670	2368
50	2517742	680	2362
50	2552124	690	2370
50	2590852	700	2374
50	2624668	710	2373
50	2658087	720	2382
50	2699401	730	2371
50	2746455	740	2372
50	2792357	750	2377
50	2838273	760	2395
50	2881136	770	2402
50	2917402	780	2389
50	2951137	790	2387
50	2984678	800	2382
50	3016007	810	2373
50	3048889	820	2371
50	3080019	830	2381
50	3115633	840	2375
50	3151805	850	2372
50	3196762	860	2356
50	3235018	870	2346
50	3280786	880	2356
50	3323743	890	2357
50	3362414	900	2349
50	3396214	910	2338
50	3426257	920	2340
50	3460716	930	2337
50	3492078	940	2343
50	3526384	950	2330
50	3564122	960	2332
50	3607090	970	2337
50	3656545	980	2338
50	3697136	990	2332
50	3743387	1000	2346
50	3788274	1010	2353
50	3832043	1020	2347
50	3869425	1030	2352
50	3911994	1040	2349
50	3950438	1050	2359
50	3982279	1060	2346
50	4021128	1070	2349
50	4062164	1080	2377
50	4107406	1090	2381
50	4152786	1100	2372
50	4197771	1110	2383
50	4251783	1120	2387
50	4296823	1130	2384
50	4336054	1140	2375
51	499554	151.437122736	1.853345074
51	521086	156.116378302	4.679255566
51	523629	156.696611852	0.58023355
51	531151	158.150366693	1.453754841
51	541319	160.663089586	2.512722893
51	550955	162.827039459	2.163949873
51	558976	164.499581697	1.672542238
51	560288	164.807074234	0.307492537
51	567797	166.157771391	1.350697157
51	570285	166.572072722	0.414301331
51	579650	168.667457731	2.095385009
51	579920	168.719121597	0.051663866
51	583734	169.511296616	0.792175019
51	585805	169.858277928	0.346981312
51	590708	170.793077904	0.934799976
51	597031	172.15609195	1.363014046
51	606173	175.202438477	3.046346527
51	610491	176.43671222	1.234273743
51	613841	177.606696157	1.169983937
51	615265	178.156989609	0.550293452
51	619194	179.521194491	1.364204882
51	624571	181.115932451	1.59473796
51	626443	181.725635074	0.609702623
51	626978	181.876425917	0.150790843
51	635824	184.825150658	2.948724741
51	647154	188.248639002	3.423488344
51	657594	191.993314999	3.744675997
51	659100	192.503472174	0.510157175
51	667291	195.150787858	2.647315684
51	669937	196.2445746	1.093786742
51	672687	197.371099862	1.126525262
51	677792	199.473012967	2.101913105
51	684022	201.745538173	2.272525206
51	685518	202.266852932	0.521314759
51	685674	202.341626051	0.074773119
51	702128	207.516396115	5.174770064
51	710736	210.671992268	3.155596153
51	712036	211.149136048	0.47714378
51	713124	211.575148777	0.426012729
51	714189	211.951693473	0.376544696
51	719947	214.072903552	2.121210079
51	720219	214.155461914	0.082558362
51	725395	216.16393329	2.008471376
51	743850	222.619781269	6.455847979
51	745192	223.11021579	0.490434521
51	747270	223.712477546	0.602261756
51	754629	225.987164933	2.274687387
51	760386	227.978468897	1.991303964
51	767122	230.222564924	2.244096027
51	767839	230.420327635	0.197762711
51	775673	233.324494065	2.90416643
51	793082	239.489961011	6.165466946
51	795493	240.30057586	0.810614849
51	810466	244.392793724	4.092217864
51	817965	246.116377096	1.723583372
51	821579	246.786841164	0.670464068
51	824803	247.377892454	0.59105129
51	826665	247.870984743	0.493092289
51	838661	250.218387571	2.347402828
51	844462	251.538238517	1.319850946
51	845279	251.710679805	0.172441288
51	865757	255.461886943	3.751207138
51	885580	260.072796499	4.610909556
51	889567	260.885984378	0.813187879
51	907243	264.693230392	3.807246014
51	922535	267.861970297	3.168739905
51	935800	270.975831709	3.113861412
51	949863	273.974869408	2.999037699
51	955406	275.077211187	1.102341779
51	961327	276.508547342	1.431336155
51	964902	277.20718511	0.698637768
51	965564	277.347407636	0.140222526
51	983295	280.936749886	3.58934225
51	984983	281.372505226	0.43575534
51	991518	282.803746919	1.431241693
51	991575	282.816579583	0.012832664
51	1010350	286.718522125	3.901942542
51	1033479	291.612165019	4.893642894
51	1035516	292.173769754	0.561604735
51	1039532	293.306625478	1.132855724
51	1041129	293.834250793	0.527625315
51	1059652	299.854493324	6.020242531
51	1065823	301.815019587	1.960526263
51	1079718	306.855006302	5.039986715
51	1080819	307.307050199	0.452043897
51	1080828	307.318888614	0.011838415
51	1081889	307.672919366	0.354030752
51	1095895	312.113429676	4.44051031
51	1096624	312.406011368	0.292581692
51	1097952	312.78210864	0.376097272
51	1099513	313.301442675	0.519334035
51	1102540	314.256609187	0.955166512
51	1105416	315.384718219	1.128109032
51	1113153	318.305360264	2.920642045
51	1119126	320.400096799	2.094736535
51	1127534	323.348660361	2.948563562
51	1134201	325.734097855	2.385437494
51	1134989	326.013505549	0.279407694
51	1136435	326.522401684	0.508896135
51	1140200	327.85610086	1.333699176
51	1147894	330.280601204	2.424500344
51	1155901	332.908758482	2.628157278
51	1164210	334.948972502	2.04021402
51	1165123	335.309017461	0.360044959
51	1168785	336.27662157	0.967604109
51	1172689	337.466199194	1.189577624
51	1178417	339.044696841	1.578497647
51	1181769	340.207301198	1.162604357
51	1210890	349.020497572	8.813196374
51	1211110	349.102891582	0.08239401
51	1216257	350.994314775	1.891423193
51	1224084	353.655971485	2.66165671
51	1225559	354.224908086	0.568936601
51	1227034	354.775805776	0.55089769
51	1237841	357.96654816	3.190742384
51	1246727	360.590664137	2.624115977
51	1258915	363.712432407	3.12176827
51	1262481	364.694595413	0.982163006
51	1269645	366.346437215	1.651841802
51	1275161	367.442611494	1.096174279
51	1279922	368.552542313	1.109930819
51	1297532	371.95143814	3.398895827
51	1317126	375.820557111	3.869118971
51	1335352	379.714822285	3.894265174
51	1338618	380.504508164	0.789685879
51	1348229	382.879971788	2.375463624
51	1350711	383.491803958	0.61183217
51	1370489	387.913465591	4.421661633
51	1374226	388.64222552	0.728759929
51	1378147	389.549056516	0.906830996
51	1393592	392.737224458	3.188167942
51	1395677	393.149593529	0.412369071
51	1405842	395.733343217	2.583749688
51	1410517	396.957985587	1.22464237
51	1431376	401.290737233	4.332751646
51	1439988	402.953288791	1.662551558
51	1440768	403.13056238	0.177273589
51	1441748	403.37975468	0.2491923
51	1445984	404.279278881	0.899524201
51	1460356	407.227528367	2.948249486
51	1480132	411.906388073	4.678859706
51	1491036	414.510272079	2.603884006
51	1495903	415.902874318	1.392602239
51	1508998	418.62671159	2.723837272
51	1509006	418.632822898	0.006111308
51	1510579	418.97785276	0.345029862
51	1511046	419.115152063	0.137299303
51	1513440	419.998027861	0.882875798
51	1521182	422.373976228	2.375948367
51	1525652	423.630406391	1.256430163
51	1530238	425.246146432	1.615740041
51	1536532	427.090354977	1.844208545
51	1546715	430.194354274	3.103999297
51	1548547	430.785143167	0.590788893
51	1549615	431.101689467	0.3165463
51	1557889	433.662521367	2.5608319
51	1571837	438.395661549	4.733140182
51	1574686	439.339147907	0.943486358
51	1579756	440.901053887	1.56190598
51	1580551	441.196061571	0.295007684
51	1582753	441.87530981	0.679248239
51	1584952	442.637076885	0.761767075
51	1593358	445.700029054	3.062952169
51	1599244	447.402715512	1.702686458
51	1605712	449.344994302	1.94227879
51	1649819	463.118435659	13.773441357
51	1661388	466.755213835	3.636778176
51	1684883	474.497345762	7.742131927
51	1693858	476.759194745	2.261848983
51	1694070	476.812213501	0.053018756
51	1703033	478.924178005	2.111964504
51	1706976	480.049053634	1.124875629
51	1708057	480.408814144	0.35976051
51	1710042	481.035292171	0.626478027
51	1736600	486.682580068	5.647287897
51	1741831	487.694947334	1.012367266
51	1761221	491.401704748	3.706757414
51	1763243	491.861854721	0.460149973
51	1767773	492.815342787	0.953488066
51	1774971	493.746640454	0.931297667
51	1780606	494.850027992	1.103387538
51	1835342	505.867102463	11.017074471
51	1837558	506.324592676	0.457490213
51	1863161	512.007848187	5.683255511
51	1866534	512.721040689	0.713192502
51	1890482	517.798764285	5.077723596
51	1901320	520.024246657	2.225482372
51	1905030	520.558391909	0.534145252
51	1923261	524.13098005	3.572588141
51	1924512	524.396296638	0.265316588
51	1946190	528.899181575	4.502884937
51	1952676	529.944079847	1.044898272
51	1959555	531.308405843	1.364325996
51	1968682	533.774119197	2.465713354
51	1972388	534.703707246	0.929588049
51	1974424	535.090073537	0.386366291
51	1980201	536.51294759	1.422874053
51	1982204	537.16033807	0.64739048
51	1982444	537.226643067	0.066304997
51	1994968	540.814809184	3.588166117
51	2003846	543.218334894	2.40352571
51	2004909	543.585096921	0.366762027
51	2006326	544.114548431	0.52945151
51	2008319	544.805139885	0.690591454
51	2019335	547.777012607	2.971872722
51	2031231	550.190401266	2.413388659
51	2040839	552.752330735	2.561929469
51	2045883	553.914695792	1.162365057
51	2046297	554.048997994	0.134302202
51	2054411	556.168722272	2.119724278
51	2058425	557.391656624	1.222934352
51	2059420	557.929604265	0.537947641
51	2061315	558.51523545	0.585631185
51	2065281	559.819183959	1.303948509
51	2069273	560.964417703	1.145233744
51	2070398	561.409715298	0.445297595
51	2074318	562.597520194	1.187804896
51	2079076	563.979526811	1.382006617
51	2080119	564.291644229	0.312117418
51	2093148	567.558518471	3.266874242
51	2094658	568.032368644	0.473850173
51	2108796	572.174907808	4.142539164
51	2110831	572.957070454	0.782162646
51	2116106	574.63167374	1.674603286
51	2123792	577.060602276	2.428928536
51	2127547	578.132718456	1.07211618
51	2131634	579.207326803	1.074608347
51	2133584	579.922811763	0.71548496
51	2147458	583.895104592	3.972292829
51	2147840	584.015092899	0.119988307
51	2156159	586.627293525	2.612200626
51	2157483	586.920178393	0.292884868
51	2158855	587.357603862	0.437425469
51	2160682	588.035073297	0.677469435
51	2168842	590.281904918	2.246831621
51	2172550	591.638246547	1.356341629
51	2185974	595.269129842	3.630883295
51	2190010	596.596561509	1.327431667
51	2192613	597.320070279	0.72350877
51	2193028	597.439320053	0.119249774
51	2201899	600.302953285	2.863633232
51	2204421	601.228432532	0.925479247
51	2204771	601.346642976	0.118210444
51	2217201	604.487059945	3.140416969
51	2223752	606.068033639	1.580973694
51	2234674	608.445227108	2.377193469
51	2237563	609.012245829	0.567018721
51	2241018	609.787301023	0.775055194
51	2244140	610.434010198	0.646709175
51	2254066	613.030160638	2.59615044
51	2258431	614.039897106	1.009736468
51	2270124	616.158429854	2.118532748
51	2275299	617.315210436	1.156780582
51	2275427	617.365116866	0.04990643
51	2297441	622.285132362	4.920015496
51	2307170	624.41876508	2.133632718
51	2310955	625.22435167	0.80558659
51	2315107	626.242964698	1.018613028
51	2320084	627.429406327	1.186441629
51	2331656	630.275599084	2.846192757
51	2389193	643.90821972	13.632620636
51	2390711	644.28311596	0.37489624
51	2391127	644.400091459	0.116975499
51	2399200	646.533099483	2.133008024
51	2402360	647.339498817	0.806399334
51	2410269	649.278688371	1.939189554
51	2415935	650.410523253	1.131834882
51	2418258	650.983068143	0.57254489
51	2422718	652.119836622	1.136768479
51	2433971	655.304392612	3.18455599
51	2435654	655.651197232	0.34680462
51	2442006	657.466246804	1.815049572
51	2442523	657.645905462	0.179658658
51	2443132	657.899672592	0.25376713
51	2463829	664.102080489	6.202407897
51	2469941	665.76579816	1.663717671
51	2477536	667.858449543	2.092651383
51	2492131	672.660364366	4.801914823
51	2499992	675.185603569	2.525239203
51	2519336	680.584589552	5.398985983
51	2522944	681.731237421	1.146647869
51	2523809	682.005333104	0.274095683
51	2549457	689.308917377	7.303584273
51	2556588	690.858239396	1.549322019
51	2566154	694.183903812	3.325664416
51	2575143	696.369415376	2.185511564
51	2581848	697.818983098	1.449567722
51	2582729	698.079127063	0.260143965
51	2587209	699.212947331	1.133820268
51	2592625	700.561905308	1.348957977
51	2593175	700.811882265	0.249976957
51	2593801	700.880480619	0.068598354
51	2601844	702.869747781	1.989267162
51	2604733	703.78067033	0.910922549
51	2607342	704.688336341	0.907666011
51	2608147	704.895720532	0.207384191
51	2633742	713.154503109	8.258782577
51	2646542	716.443264575	3.288761466
51	2649071	717.350266973	0.907002398
51	2656303	719.326566457	1.976299484
51	2659665	720.494102539	1.167536082
51	2675574	725.020733158	4.526630619
51	2676820	725.179395401	0.158662243
51	2678285	725.481615985	0.302220584
51	2682980	726.409887638	0.928271653
51	2685519	726.899295605	0.489407967
51	2706137	731.429949316	4.530653711
51	2709392	732.428187407	0.998238091
51	2719726	734.346317116	1.918129709
51	2724334	735.307545882	0.961228766
51	2734234	737.077924795	1.770378913
51	2741637	738.625687384	1.547762589
51	2742789	738.917305452	0.291618068
51	2765945	744.452685917	5.535380465
51	2769228	745.11720566	0.664519743
51	2775482	746.481542926	1.364337266
51	2776009	746.659908642	0.178365716
51	2778089	747.01074674	0.350838098
51	2778644	747.086179545	0.075432805
51	2778773	747.103673216	0.017493671
51	2785344	748.633058169	1.529384953
51	2789296	749.366730504	0.733672335
51	2799278	751.209792123	1.843061619
51	2802589	751.87615222	0.666360097
51	2804516	752.301235182	0.425082962
51	2817616	755.257612031	2.956376849
51	2825208	756.963288704	1.705676673
51	2826606	757.412660801	0.449372097
51	2829073	758.029439476	0.616778675
51	2845798	761.833943488	3.804504012
51	2848777	762.687514963	0.853571475
51	2858094	764.85778562	2.170270657
51	2859920	765.36264939	0.50486377
51	2864480	766.350129992	0.987480602
51	2872215	767.997099881	1.646969889
51	2880886	769.973376967	1.976277086
51	2881277	770.025837407	0.05246044
51	2896729	773.817760432	3.791923025
51	2905318	776.172640447	2.354880015
51	2905629	776.271641795	0.099001348
51	2905756	776.320856252	0.049214457
51	2906656	776.634410766	0.313554514
51	2913072	778.60491728	1.970506514
51	2918630	780.450570005	1.845652725
51	2920915	781.172109641	0.721539636
51	2923212	781.879503974	0.707394333
51	2924208	782.272634285	0.393130311
51	2926045	782.978937846	0.706303561
51	2928063	783.512418195	0.533480349
51	2929760	784.012148988	0.499730793
51	2930349	784.197785368	0.18563638
51	2933718	785.203559309	1.005773941
51	2937943	786.214171973	1.010612664
51	2944016	788.08050724	1.866335267
51	2948061	789.021122644	0.940615404
51	2959281	791.786541767	2.765419123
51	2968077	794.411334222	2.624792455
51	2970216	795.284446357	0.873112135
51	2973768	796.71641979	1.431973433
51	2986483	800.729417477	4.012997687
51	2987818	801.206179684	0.476762207
51	2988878	801.660889374	0.45470969
51	3009429	808.075105657	6.414216283
51	3020536	811.331524716	3.256419059
51	3025190	812.869328615	1.537803899
51	3027920	813.833169294	0.963840679
51	3033667	815.525305174	1.69213588
51	3037950	816.864408751	1.339103577
51	3044120	818.738719712	1.874310961
51	3044915	818.939163546	0.200443834
51	3048286	819.818585579	0.879422033
51	3057635	822.564649874	2.746064295
51	3061648	823.750452734	1.18580286
51	3062248	823.990631719	0.240178985
51	3063223	824.367252946	0.376621227
51	3068538	826.198242362	1.830989416
51	3075244	828.304335073	2.106092711
51	3078922	829.632603676	1.328268603
51	3089849	833.340840253	3.708236577
51	3107768	838.205711095	4.864870842
51	3114951	839.821616926	1.615905831
51	3117607	840.677197263	0.855580337
51	3121028	842.02877662	1.351579357
51	3126508	843.72729323	1.69851661
51	3129805	844.833745963	1.106452733
51	3130175	844.881523392	0.047777429
51	3147338	848.767046569	3.885523177
51	3159137	851.769481533	3.002434964
51	3161226	852.476244959	0.706763426
51	3187720	858.265880072	5.789635113
51	3188098	858.332650315	0.066770243
51	3195960	859.829584656	1.496934341
51	3199813	860.923775157	1.094190501
51	3200195	861.075991672	0.152216515
51	3209593	863.685279808	2.609288136
51	3210978	864.077440124	0.392160316
51	3213259	864.623992087	0.546551963
51	3214756	865.023796574	0.399804487
51	3216871	865.535664402	0.511867828
51	3227331	867.755553858	2.219889456
51	3248275	873.244081747	5.488527889
51	3252191	874.276349587	1.03226784
51	3265501	877.118353511	2.842003924
51	3266265	877.323849607	0.205496096
51	3273205	878.457471819	1.133622212
51	3287457	881.619739489	3.16226767
51	3290849	882.614805131	0.995065642
51	3292415	882.820321717	0.205516586
51	3297363	884.241689326	1.421367609
51	3310698	887.587805	3.346115674
51	3315363	888.250857912	0.663052912
51	3336042	892.934675266	4.683817354
51	3350312	896.623326236	3.68865097
51	3354341	897.855985105	1.232658869
51	3356403	898.443168324	0.587183219
51	3363056	900.210212919	1.767044595
51	3363789	900.524086813	0.313873894
51	3367906	901.828413876	1.304327063
51	3382381	905.9390055	4.110591624
51	3387583	907.738980918	1.799975418
51	3394644	909.582887565	1.843906647
51	3400386	911.280904666	1.698017101
51	3414758	916.099685928	4.818781262
51	3415034	916.191423641	0.091737713
51	3422490	918.718049253	2.526625612
51	3423313	919.039135025	0.321085772
51	3425102	919.511852656	0.472717631
51	3431419	921.873818778	2.361966122
51	3436575	922.956362458	1.08254368
51	3448017	926.270463185	3.314100727
51	3453256	927.704698576	1.434235391
51	3458055	929.126328508	1.421629932
51	3463089	930.771901909	1.645573401
51	3468195	932.556594912	1.784693003
51	3488892	938.983786497	6.427191585
51	3489343	939.156625513	0.172839016
51	3500432	942.462433225	3.305807712
51	3507489	944.507679839	2.045246614
51	3539356	953.971830449	9.46415061
51	3539591	954.058108689	0.08627824
51	3544386	955.276084763	1.217976074
51	3564005	959.975209307	4.699124544
51	3584350	964.674929192	4.699719885
51	3586184	965.23834743	0.563418238
51	3588054	965.659256091	0.420908661
51	3588689	965.827491629	0.168235538
51	3606688	969.936933463	4.109441834
51	3621344	972.579390798	2.642457335
51	3629072	974.382817127	1.803426329
51	3637313	975.714181331	1.331364204
51	3646052	977.51177777	1.797596439
51	3646134	977.528943046	0.017165276
51	3653229	979.181624254	1.652681208
51	3687475	987.904908871	8.723284617
51	3718849	994.814541771	6.9096329
51	3720212	995.02556033	0.211018559
51	3720408	995.059069613	0.033509283
51	3734404	998.084907185	3.025837572
51	3750314	1001.561644236	3.476737051
51	3754957	1002.371137803	0.809493567
51	3755317	1002.478817835	0.107680032
51	3763964	1004.50126864	2.022450805
51	3774367	1006.918091416	2.416822776
51	3781478	1008.577279563	1.659188147
51	3788502	1010.054164468	1.476884905
51	3791313	1010.655035798	0.60087133
51	3799172	1012.259241395	1.604205597
51	3828377	1018.83189192	6.572650525
51	3830098	1019.384663457	0.552771537
51	3831718	1019.886841844	0.502178387
51	3836462	1021.113164175	1.226322331
51	3860466	1027.815085104	6.701920929
51	3861369	1028.072815428	0.257730324
51	3861465	1028.10036337	0.027547942
51	3867930	1029.57669849	1.47633512
51	3873160	1030.946588771	1.369890281
51	3873841	1031.148765531	0.20217676
51	3874119	1031.208342312	0.059576781
51	3884100	1032.647831817	1.439489505
51	3893151	1035.347102844	2.699271027
51	3899649	1036.712698968	1.365596124
51	3905889	1038.587277208	1.87457824
51	3909575	1039.281849792	0.694572584
51	3914392	1040.930066265	1.648216473
51	3920506	1042.554300197	1.624233932
51	3923352	1043.309684949	0.755384752
51	3927243	1044.434715844	1.125030895
51	3939928	1047.412509404	2.97779356
51	3943564	1048.149152255	0.736642851
51	3965379	1054.960133064	6.810980809
51	3973087	1056.980362899	2.020229835
51	3975908	1058.004027545	1.023664646
51	3977484	1058.472013096	0.467985551
51	3984737	1060.713063106	2.24105001
51	4001804	1064.679234324	3.966171218
51	4004946	1065.658060043	0.978825719
51	4005189	1065.711539465	0.053479422
51	4014334	1068.238272242	2.526732777
51	4034207	1073.434788904	5.196516662
51	4039352	1074.74149464	1.306705736
51	4041262	1075.216544746	0.475050106
51	4049358	1077.077045267	1.860500521
51	4052502	1077.910133645	0.833088378
51	4052975	1078.007986909	0.097853264
51	4063243	1080.29817894	2.290192031
51	4065474	1080.983919202	0.685740262
51	4071368	1082.322299512	1.33838031
51	4079915	1084.282268518	1.959969006
51	4087616	1085.907777772	1.625509254
51	4110418	1090.739991138	4.832213366
51	4128764	1094.553899622	3.813908484
51	4131157	1095.193292647	0.639393025
51	4140216	1097.000075505	1.806782858
51	4142635	1097.705632373	0.705556868
51	4157802	1101.279716858	3.574084485
51	4183317	1107.395882079	6.116165221
51	4187693	1108.28416226	0.888280181
51	4191413	1109.051806111	0.767643851
51	4195879	1109.805187045	0.753380934
51	4209334	1111.733214489	1.928027444
51	4210635	1111.991847788	0.258633299
51	4220973	1113.805667002	1.813819214
51	4265039	1123.142882509	9.337215507
51	4265577	1123.354681994	0.211799485
51	4273577	1125.111770652	1.757088658
51	4283631	1127.096048609	1.984277957
51	4285281	1127.441875256	0.345826647
51	4287735	1128.02735313	0.585477874
51	4304608	1131.529460503	3.502107373
51	4318224	1134.314841941	2.785381438
51	4319449	1134.608364657	0.293522716
51	4322396	1135.320681239	0.712316582
51	4325636	1136.135853405	0.815172166
51	4327211	1136.49612952	0.360276115
51	4331486	1138.086641914	1.590512394
51	4332731	1138.643570886	0.556928972
51	4332870	1138.690608797	0.047037911
51	4342206	1142.087341814	3.396733017
51	4343493	1142.795399121	0.708057307
51	4346218	1143.802660805	1.007261684
51	4353255	1146.114538001	2.311877196
52	505018	152.45536509	242.259457195
52	508683	153.182369916	1053.803851828
52	512670	154.120995049	411.069406217
52	548071	162.242020059	678.956222303
52	551749	163.014029787	297.685999267
52	553096	163.273307642	634.705630204
52	555568	163.821518639	2869.088040345
52	572483	166.972700658	1843.211842185
52	573991	167.367923809	243.365419408
52	580194	168.772064695	490.628026764
52	581375	169.042362365	799.929468084
52	582068	169.192977844	4733.782741139
52	586840	170.080495745	462.284621121
52	589925	170.634848808	1758.079182875
52	600953	173.485378982	968.610669627
52	604945	174.864461824	1313.389024925
52	632509	183.662330318	832.899313918
52	639268	186.04095657	2459.439650712
52	647808	188.51283125	56.907496385
52	657827	192.082783651	215.654440807
52	680841	200.571675304	826.687566091
52	686726	202.689677938	40.288790959
52	687010	202.779369003	1224.76282896
52	708796	209.894463539	624.92412204
52	717890	213.319823512	1797.404902912
52	726194	216.525441868	90.648327886
52	730823	218.136290828	679.684030889
52	731080	218.258471759	573.375939007
52	736379	220.144537225	2168.226088088
52	739789	221.367645377	182.274580143
52	741725	222.012429079	1087.511536258
52	747566	223.778687307	416.445664363
52	756253	226.539122235	1889.706979752
52	764813	229.497735951	35.72065162
52	777382	234.084970146	519.832335306
52	780661	235.134625394	1438.137002752
52	782246	235.667811359	2168.936075171
52	784730	236.795995348	85.511054851
52	790053	238.323392825	977.123541158
52	793565	239.726693036	26.811545481
52	808139	243.78844017	516.32876549
52	841789	250.897713986	577.935455308
52	843816	251.368682443	240.390512302
52	846155	251.986134435	735.593256363
52	846667	252.125543531	1503.252982053
52	854556	253.468354241	110.552143331
52	859942	254.519903155	1560.796478977
52	888745	260.729075125	121.713536369
52	889634	260.89704463	1093.689700258
52	897056	262.402547258	1560.150452672
52	924236	268.228832003	259.492208686
52	942342	272.348585943	510.648513938
52	946652	273.199821829	69.656279031
52	954915	274.982959609	1186.607497228
52	964095	277.060395251	395.839277341
52	964758	277.185709893	1183.30452635
52	964943	277.21431864	156.41239295
52	968663	278.045636844	1666.005017496
52	983288	280.936749886	5.322385553
52	984425	281.219708901	358.199056179
52	985552	281.530926347	1440.616824235
52	1000902	284.930125063	970.908054812
52	1015712	287.904699507	892.764539188
52	1020366	288.881893964	52.64050772
52	1040253	293.55493932	585.522500804
52	1042738	294.258662624	760.023187168
52	1047025	295.46615536	42.882505001
52	1068144	302.717975699	643.05392621
52	1072966	304.460441376	1169.276394463
52	1083351	308.163739739	266.65544422
52	1085513	308.901312276	2069.492125505
52	1106822	315.941124689	606.797856229
52	1120181	320.773712076	304.013588947
52	1128320	323.678752076	786.514540571
52	1136904	326.668708381	182.077932073
52	1141962	328.519423512	69.972380446
52	1148890	330.764820716	469.438738593
52	1150463	331.433254466	1010.741624759
52	1156407	333.114485636	791.690701409
52	1163283	334.631558481	1332.567395322
52	1164925	335.237966446	737.766061099
52	1168757	336.274240863	575.349085373
52	1171801	337.077347551	3839.990490618
52	1172558	337.411039132	1003.224655328
52	1176687	338.610154017	2950.162586461
52	1178586	339.101862537	4780.100480006
52	1183034	340.630301493	77.749453187
52	1186083	341.45687578	1229.47268594
52	1189016	342.298619508	3078.662894472
52	1189445	342.419542216	702.157156274
52	1194817	344.027369609	271.275583676
52	1204345	347.015265325	898.304868716
52	1205618	347.401925639	511.325367591
52	1208340	348.25836152	2514.304806984
52	1212363	349.586552252	228.010967942
52	1212801	349.7551022	390.265630958
52	1220252	352.485864054	344.245373367
52	1226966	354.766265197	2686.248363743
52	1231090	356.029293155	150.832561566
52	1237961	358.014189935	808.967119045
52	1247988	360.961186054	61.266342313
52	1267159	365.822235727	2131.088239782
52	1269989	366.403577653	41.746015876
52	1305302	373.480155582	132.921549166
52	1306668	373.726984975	481.094631951
52	1317760	375.994353721	1034.639630095
52	1318091	376.081085245	773.527279412
52	1351858	383.83076434	228.489305939
52	1364308	386.860381074	3748.844545442
52	1369651	387.755063545	491.868928542
52	1379837	390.016411775	145.541980134
52	1381538	390.407629684	345.086472855
52	1382685	390.735072563	407.777345632
52	1408550	396.571918796	1953.18255072
52	1414642	397.815894844	2560.139554338
52	1429941	400.931042365	15.359694868
52	1434244	401.850369247	1618.755394552
52	1443372	403.760836598	1274.667563913
52	1451359	405.371137391	196.549041002
52	1453706	405.85917492	947.509894297
52	1471559	409.755434646	1956.683441852
52	1471904	409.814523108	1780.588672233
52	1482305	412.372008562	81.552169443
52	1502082	417.479328111	192.789801731
52	1503175	417.839601476	808.278901065
52	1511699	419.343709414	643.06879999
52	1521234	422.397971647	357.459813973
52	1534809	426.61270252	1893.619539841
52	1538914	428.047788109	899.495204355
52	1543330	429.177885011	952.007945438
52	1546526	430.091260979	2651.860422781
52	1546602	430.123420104	161.937182172
52	1546921	430.301491664	852.307866009
52	1548846	430.879648212	4324.842740218
52	1563787	435.596942957	2638.31297657
52	1565368	436.167511543	1380.504671316
52	1569540	437.423109556	224.916389261
52	1570652	437.917566054	232.733631178
52	1575911	439.826868483	1094.033664272
52	1576939	440.040371736	363.980750908
52	1594804	446.307216545	654.600561227
52	1603540	448.642666508	1730.114500831
52	1604928	449.086695138	429.59858467
52	1608020	450.044960393	71.279632283
52	1624571	455.946691519	173.093205587
52	1625474	456.230911936	35.581301565
52	1631492	457.921522457	475.796526796
52	1634362	458.571366307	2376.661618686
52	1641928	461.082218191	1124.527497703
52	1656936	465.43700426	908.939571151
52	1659081	466.110790321	1014.418172637
52	1659361	466.192769819	306.219890982
52	1663847	467.492435784	328.679673857
52	1678862	472.626792095	623.357127107
52	1684876	474.497345762	8.590112637
52	1685714	474.856131208	384.977614755
52	1692561	476.352819497	4155.284665025
52	1704115	479.226137615	148.804023023
52	1704645	479.379552475	556.7336117
52	1705295	479.554083858	22.12849621
52	1708815	480.674860546	77.543474348
52	1709902	481.010659448	1485.762251074
52	1715790	482.262759117	283.947033006
52	1715973	482.312132422	100.720236222
52	1716228	482.378127596	333.351289881
52	1718801	482.997965763	1212.332259701
52	1721832	483.608507131	1894.660153398
52	1722995	483.821498039	1380.23694631
52	1725356	484.324174721	840.162124639
52	1735148	486.434381021	992.407452302
52	1739552	487.150251163	1899.826873968
52	1750830	489.425662807	1707.151767695
52	1752835	489.874429182	407.740375949
52	1753159	489.961376457	385.9623987
52	1763315	491.877474615	167.405641345
52	1775916	493.973335635	1550.889896914
52	1776066	494.007641255	1014.324187454
52	1778507	494.478526193	1274.959907038
52	1793502	497.319728245	401.921961081
52	1793617	497.355955171	2066.722519071
52	1809349	500.511260826	776.130709349
52	1817324	502.063456353	1387.230727487
52	1821104	502.982638826	713.496107178
52	1847097	508.403925247	1145.309132497
52	1858634	511.037722336	242.587965048
52	1868441	513.055585101	596.498314521
52	1870618	513.432446646	258.530842058
52	1872153	513.911425247	253.389809935
52	1883266	516.360526985	1235.975108552
52	1887060	517.180434474	75.952283982
52	1888419	517.420811324	198.459669295
52	1896099	518.860221771	1366.130870982
52	1896165	518.875808802	2565.388066996
52	1909799	521.480424401	937.912597791
52	1913232	522.252428577	411.786706448
52	1917683	523.0386231	1045.585381458
52	1923798	524.23255082	456.426705271
52	1955494	530.481703195	638.066776179
52	1961382	531.792524115	1715.931521767
52	1964250	532.640326585	671.598568332
52	1970302	534.180545003	161.404044549
52	1971426	534.449806281	423.012626944
52	1977422	535.651538095	908.053819795
52	1981133	536.820446017	630.359012181
52	1982181	537.15813514	1087.609057459
52	1987703	538.670352855	1176.132384238
52	2000186	541.995174538	2540.569429588
52	2004508	543.434485699	252.016084306
52	2004634	543.48654964	169.332433458
52	2005529	543.830326656	441.106606807
52	2009405	545.083697943	328.248952372
52	2018844	547.566688873	506.020588335
52	2023303	548.365240616	1335.6301397
52	2030058	549.887782577	1377.442102299
52	2033409	550.91066593	265.295513754
52	2034188	551.209386644	2111.313294826
52	2041585	552.968429467	286.398823479
52	2047538	554.420385319	1025.359246819
52	2062845	558.924886276	289.415953977
52	2066790	560.159322849	329.117026738
52	2077332	563.444041118	1091.776677627
52	2077643	563.543906849	23.631000959
52	2082184	564.862992592	1487.96863208
52	2086241	565.708560546	684.344220088
52	2094350	567.91241248	1510.129947313
52	2116315	574.678434232	705.023323774
52	2117909	575.093048627	95.211343985
52	2121165	576.371531974	1412.482518852
52	2136044	580.719089528	3362.009838176
52	2137264	581.105785353	77.802434367
52	2145360	583.217548138	297.318116264
52	2147880	584.029655758	1848.766848768
52	2148811	584.42762894	157.471666665
52	2151853	585.22581826	5311.227160289
52	2166347	589.535917735	1029.22869159
52	2169576	590.594639	76.525197622
52	2169722	590.64176569	641.930082092
52	2170576	590.968070077	345.905748701
52	2187819	595.854531054	675.297913063
52	2202728	600.632288962	196.247215012
52	2209044	602.66386671	2253.223958825
52	2252889	612.764170071	598.411629504
52	2279776	618.238630031	123.171257607
52	2280349	618.336073223	553.626848204
52	2291433	620.963799083	462.274473159
52	2303072	623.564775473	456.114458851
52	2315299	626.303888458	591.030310986
52	2317307	626.789380521	540.644995712
52	2324412	628.432464814	1428.156954571
52	2353184	635.070250163	2404.813517208
52	2361218	637.008249134	136.021190342
52	2369441	639.146855261	187.184669455
52	2376198	640.692368733	647.133606936
52	2379620	641.512978067	1205.874364692
52	2379855	641.575516188	1476.816975979
52	2403495	647.721688139	341.661128988
52	2410442	649.305032154	330.933315276
52	2422992	652.212900723	261.230267601
52	2428486	653.894732023	1227.672637989
52	2437334	656.157721847	571.802006858
52	2464141	664.215184244	1379.089775914
52	2464943	664.538832848	147.177586942
52	2466156	664.772313434	783.428873907
52	2473094	666.527369023	1299.183112999
52	2490357	672.141643313	24.863689791
52	2502408	676.027547505	1121.401205595
52	2509188	677.643367347	86.723363157
52	2514215	679.026290232	295.948919075
52	2520539	680.929260944	739.466184302
52	2529599	683.713163638	155.277468081
52	2531654	684.424812716	946.977642069
52	2534373	685.177252217	729.710255484
52	2539150	686.524417884	177.242628685
52	2540626	686.889410616	1090.912709134
52	2544609	688.056309809	2068.724348564
52	2547377	688.784761537	1343.555858493
52	2556008	690.668006335	1727.453383898
52	2567826	694.730035427	1518.062551162
52	2569880	695.122224116	5259.752060191
52	2570056	695.152308149	1122.610951022
52	2581234	697.661451447	1000.739037768
52	2584754	698.702947445	2038.28367863
52	2585762	698.897612865	348.750218952
52	2605915	704.163475151	1040.438405944
52	2617212	707.304413586	534.784288078
52	2631602	712.384820049	414.607027739
52	2641762	715.21293767	335.134165174
52	2641808	715.236578662	164.787217912
52	2642460	715.4769403	463.774763354
52	2658918	720.291493044	1800.730025889
52	2673564	724.40406772	37.699605496
52	2676752	725.172230182	675.093878454
52	2685542	726.908137206	3359.8855574
52	2687700	727.423713966	423.712139439
52	2688986	727.813041104	722.319809558
52	2691619	728.320593045	33.339315597
52	2695484	729.027794703	717.014420394
52	2702910	730.77156122	730.203435161
52	2704923	731.16036946	426.635029661
52	2708963	732.307512672	3917.809031306
52	2709822	732.554000084	580.391756008
52	2710905	732.764098586	714.78170933
52	2722870	735.011864274	2117.990881369
52	2730044	736.387195059	30.488957161
52	2736172	737.538692439	518.065929426
52	2738644	738.021601534	699.471157861
52	2748280	740.405703491	1491.233379252
52	2751011	741.060561882	922.815248612
52	2763732	744.009019357	766.533271385
52	2764281	744.124496335	86.400808839
52	2775363	746.451583907	87.487579639
52	2775853	746.614740613	44.557899834
52	2786050	748.783672048	397.745788455
52	2786262	748.817241599	1744.679041846
52	2786881	748.956062239	1526.873131976
52	2807238	753.008443745	1571.192315023
52	2816896	755.054106835	15.203505196
52	2831208	758.600204013	451.185108709
52	2837552	759.851203388	148.083471878
52	2848974	762.742354301	388.753775219
52	2852962	763.774584574	1119.652229696
52	2863968	766.251793315	323.964751431
52	2881821	770.137601152	1840.495492109
52	2888436	771.750676987	56.118651628
52	2893231	773.127803599	385.674857206
52	2902808	775.555665812	346.840216267
52	2902940	775.577222633	1999.731476398
52	2906172	776.461551608	1209.898053039
52	2915666	779.434146379	2348.66884515
52	2916393	779.671875534	893.360678453
52	2923923	782.148539809	811.378008509
52	2940505	786.844579808	147.667272848
52	2947912	788.985425013	792.894669906
52	2952816	790.343352191	265.586714074
52	2954118	790.60755608	574.713185186
52	2955007	790.76943129	147.186931168
52	2977182	797.875090576	642.964775168
52	2979139	798.482289224	355.161281662
52	2994694	803.707743267	2457.932906947
52	2996492	804.265719435	668.236833151
52	2997475	804.53388759	238.538927838
52	2997712	804.621972974	208.462934211
52	2999466	805.288339698	163.769768991
52	3004689	806.633272904	1845.714215087
52	3013500	809.121568497	985.270408028
52	3013641	809.166677207	2991.136533133
52	3017778	810.491320554	627.443761808
52	3022791	812.037009279	246.27267567
52	3032157	815.11250368	904.514487682
52	3034871	815.976597689	583.162760506
52	3055753	822.168601432	60.586952426
52	3056079	822.203323748	1287.10443241
52	3063163	824.348478747	247.631884152
52	3069559	826.443898012	475.091571898
52	3079729	829.890354884	1021.872741312
52	3097237	835.201097191	935.17970331
52	3097756	835.262703656	942.148509204
52	3100087	835.978584721	1710.584825785
52	3100122	835.985308116	37.280571956
52	3101468	836.420592732	188.633571736
52	3105152	837.415121942	3334.360765662
52	3109987	838.767640883	85.815246682
52	3110130	838.799821056	650.59114191
52	3127323	843.972999136	1557.881478591
52	3130146	844.876154578	952.990421253
52	3134183	845.93945079	1014.976221485
52	3139935	847.111533446	378.622908924
52	3142467	847.952800837	353.87879699
52	3148677	849.108972842	826.973139092
52	3158546	851.635675132	950.855050756
52	3159797	851.993287733	833.950972084
52	3160664	852.327450061	64.500963815
52	3185863	857.943542173	295.747066624
52	3193256	859.310457549	43.277347451
52	3199273	860.742967567	238.539300951
52	3217352	865.643896087	852.981549276
52	3219229	866.061319532	335.969368929
52	3228852	868.226263699	1170.896747513
52	3234485	869.806783807	884.356203053
52	3244290	872.076846306	4134.3493875
52	3249595	873.616500526	41.593712393
52	3256579	875.342306722	194.617826342
52	3257708	875.55053805	143.95073059
52	3257741	875.553776512	629.360664634
52	3261382	876.400056668	415.292608141
52	3261904	876.511398829	625.87775085
52	3272423	878.269375093	1211.032032241
52	3275880	879.108787135	481.924402458
52	3289383	882.185536933	982.166784854
52	3308757	887.047853111	842.995376765
52	3309948	887.374707303	517.82544942
52	3310120	887.425511106	209.896788406
52	3317045	888.602542961	1063.099715965
52	3318389	888.893470292	3370.876348025
52	3327656	890.87364358	68.634036259
52	3328384	891.080270789	525.11652935
52	3330287	891.548075305	6936.4306465
52	3341686	894.201084129	1332.950712812
52	3348410	896.219582215	3522.14441468
52	3350903	896.764402931	57.392222582
52	3363835	900.54551749	472.117184644
52	3374876	904.282968733	338.579638526
52	3375610	904.530027757	43.026567155
52	3385635	907.053581082	1133.16875689
52	3391640	908.71451848	370.267494358
52	3400379	911.280904666	9.644254109
52	3411169	914.698075209	591.169759377
52	3415506	916.38046007	450.116284297
52	3422475	918.717707323	386.265959166
52	3426273	920.008486992	1820.184462167
52	3427893	920.645996135	352.490772533
52	3437687	923.308807161	449.498077095
52	3450215	926.958254061	348.294430846
52	3465379	931.542241093	2104.055482713
52	3474881	934.689542107	356.415092396
52	3475501	934.969408617	116.743290351
52	3482384	936.976787811	2566.302519397
52	3482822	937.121545707	1973.81334451
52	3498175	941.917943477	416.987755782
52	3498755	942.045002715	1958.299475525
52	3502520	942.968659031	436.2458176
52	3503849	943.399375692	363.78406458
52	3505048	943.740219377	938.782499678
52	3511017	945.721538866	771.628160645
52	3513846	946.625214121	285.151997766
52	3518228	947.797514105	1538.975823363
52	3518776	947.967439567	631.866480601
52	3523005	948.902831865	817.691211246
52	3523676	949.15259838	264.803830267
52	3524403	949.354699754	647.91920521
52	3528302	950.63580356	387.25945547
52	3529000	950.979550116	1887.93468193
52	3529474	951.12272948	94.823859291
52	3530573	951.42365516	939.750119172
52	3531956	951.831795507	394.61384939
52	3532229	951.931444433	1483.446400514
52	3539516	954.028893604	297.362977386
52	3540101	954.21109836	108.938053895
52	3546067	955.650528633	2047.139437464
52	3563388	959.809268852	920.226995299
52	3570189	961.642228869	762.828414586
52	3574117	962.437692432	47.587867898
52	3583178	964.315287995	1358.951722817
52	3585332	965.022609683	1641.597940496
52	3588617	965.805579376	15.021912253
52	3599371	968.311479938	24.217463108
52	3601175	968.708213652	470.99328992
52	3611743	970.731349631	492.343056677
52	3621757	972.671377596	37.387692017
52	3651430	978.730414875	379.953118002
52	3653126	979.154091538	1184.72374657
52	3654481	979.51405753	849.512961745
52	3665173	982.177011639	2468.901215804
52	3675046	984.618942261	1361.367573708
52	3684874	987.185334496	670.435185228
52	3687814	987.989788161	487.519394569
52	3689714	988.308416669	1003.360799267
52	3709677	992.704442902	4148.13019187
52	3724827	996.003178097	385.871709825
52	3728692	996.772032421	62.662683423
52	3734458	998.100349291	258.490297966
52	3752501	1001.854198807	1043.084752805
52	3755428	1002.508696603	2053.074556554
52	3762577	1004.121585429	71.591477677
52	3788773	1010.122043436	546.470643331
52	3790069	1010.425240386	539.239590275
52	3799275	1012.281550722	1192.668297175
52	3800112	1012.436890289	470.934756077
52	3811190	1014.803812555	512.111858113
52	3812201	1015.09240324	19.292260217
52	3827238	1018.504872129	62.153187914
52	3829302	1019.137312572	911.124243591
52	3834007	1020.394242389	53.077770707
52	3834602	1020.571028137	1924.905131033
52	3845127	1023.877367152	776.799445276
52	3847190	1024.633504743	68.374482166
52	3851615	1025.842994352	1244.517992705
52	3858154	1027.136905313	1163.565092148
52	3861917	1028.192571069	579.540928748
52	3862199	1028.283772094	1048.264568097
52	3867300	1029.426058484	573.775245407
52	3867630	1029.507987665	172.126372084
52	3871629	1030.491061057	677.254330819
52	3876897	1031.53184092	2071.976469718
52	3884866	1032.879824765	62.418354175
52	3892309	1035.067554367	643.081666393
52	3898254	1036.304539315	425.5797316
52	3902673	1037.673289723	456.396371202
52	3903220	1037.831968671	2812.349365325
52	3904052	1038.047996624	1816.167008288
52	3908416	1038.977971863	3091.982847148
52	3913457	1040.593524174	1096.280786466
52	3920016	1042.421088259	458.495339388
52	3928302	1044.650172488	414.428208706
52	3929532	1045.05927486	410.143898085
52	3940783	1047.584350715	450.679491221
52	3944480	1048.347534827	704.438096005
52	3947416	1049.138136597	460.081665815
52	3955799	1051.751768191	1875.351277821
52	3957229	1052.239527814	334.770906259
52	3978704	1058.839456891	263.906538332
52	3985025	1060.80677146	96.280570354
52	3985181	1060.866164742	1187.098347143
52	3985320	1060.901739249	205.336988023
52	4011775	1067.501007474	106.388269815
52	4020147	1069.810597915	3303.236020451
52	4022222	1070.22587111	731.839171453
52	4041691	1075.316721778	755.077781707
52	4044599	1075.887459707	529.433145248
52	4063431	1080.349825756	158.773936736
52	4064934	1080.830321417	825.487858729
52	4069007	1081.764998202	131.821518911
52	4072695	1082.646318549	140.184691494
52	4075822	1083.46088032	404.467913607
52	4080324	1084.406858258	770.214944886
52	4080893	1084.532215808	5129.012302412
52	4095051	1087.560337026	369.419789123
52	4105010	1089.572869196	238.505886109
52	4108954	1090.360766234	473.794240805
52	4115563	1091.71857673	189.408329555
52	4129345	1094.732134431	3500.6767544
52	4140252	1097.012921595	941.264673138
52	4150187	1099.332180823	885.082797616
52	4154761	1100.589347103	275.453851473
52	4158222	1101.370119742	645.728287886
52	4159546	1101.712981831	1075.519108852
52	4179644	1106.536709467	2267.742514567
52	4187271	1108.221362614	1420.8572894
52	4187343	1108.229903558	762.698521302
52	4191773	1109.109455656	17.623758833
52	4192939	1109.293838084	4503.964341047
52	4194052	1109.572947343	843.000108965
52	4196209	1109.838576854	333.41498055
52	4206188	1111.175299199	2945.935478296
52	4211845	1112.169701062	445.151735813
52	4215036	1112.796183506	341.880039009
52	4230916	1115.998817816	754.133704559
52	4238013	1117.80237716	1037.534852821
52	4243836	1118.655518285	947.151266552
52	4259371	1121.843098098	531.386583142
52	4268197	1124.006423906	37.108114095
52	4268544	1124.083315231	290.826328265
52	4271128	1124.618094612	105.217884188
52	4281227	1126.61350913	342.428649224
52	4285274	1127.441875256	10.611943105
52	4291469	1128.760968117	309.544464016
52	4292107	1128.886980797	126.948917277
52	4299458	1130.528342831	592.45537853
52	4300239	1130.669727481	275.041941761
52	4301328	1130.948400665	388.861236772
52	4305530	1131.677912671	192.197046414
52	4312199	1132.952666368	88.575216222
52	4316810	1134.00453356	99.950969846
52	4318643	1134.434688821	1288.470647051
52	4322389	1135.320681239	12.643276893
52	4328031	1136.744462439	1501.305179433
52	4334790	1139.471289979	419.355200524
52	4334866	1139.510183007	2790.364627934
52	4335782	1139.896998629	1246.591354271
52	4342690	1142.41523065	447.682798063
52	4343573	1142.850870301	675.633940028
52	4343757	1142.934088978	4633.233139947
52	4345562	1143.590281482	545.386208369
52	4350501	1144.921202135	22.992377748
52	4352341	1145.681909717	1183.18933714
52	4354065	1146.4632109	846.349161542
52	4355283	1146.964342806	22.093949995
52	4356113	1147.292838717	360.651949439
52	4358231	1148.089168485	640.75142804
52	4360152	1148.631507101	69.478135687
53	505018	152.45536509	5.808829599
53	508683	153.182369916	0.727004826
53	512670	154.120995049	0.938625133
53	548071	162.242020059	8.12102501
53	551749	163.014029787	0.772009728
53	553096	163.273307642	0.259277855
53	555568	163.821518639	0.548210997
53	572483	166.972700658	3.151182019
53	573991	167.367923809	0.395223151
53	580194	168.772064695	1.404140886
53	581375	169.042362365	0.27029767
53	582068	169.192977844	0.150615479
53	586840	170.080495745	0.887517901
53	589925	170.634848808	0.554353063
53	600953	173.485378982	2.850530174
53	604945	174.864461824	1.379082842
53	632509	183.662330318	8.797868494
53	639268	186.04095657	2.378626252
53	647808	188.51283125	2.47187468
53	657827	192.082783651	3.569952401
53	680841	200.571675304	8.488891653
53	686726	202.689677938	2.118002634
53	687010	202.779369003	0.089691065
53	708796	209.894463539	7.115094536
53	717890	213.319823512	3.425359973
53	726194	216.525441868	3.205618356
53	730823	218.136290828	1.61084896
53	731080	218.258471759	0.122180931
53	736379	220.144537225	1.886065466
53	739789	221.367645377	1.223108152
53	741725	222.012429079	0.644783702
53	747566	223.778687307	1.766258228
53	756253	226.539122235	2.760434928
53	764813	229.497735951	2.958613716
53	777382	234.084970146	4.587234195
53	780661	235.134625394	1.049655248
53	782246	235.667811359	0.533185965
53	784730	236.795995348	1.128183989
53	790053	238.323392825	1.527397477
53	793565	239.726693036	1.403300211
53	808139	243.78844017	4.061747134
53	841789	250.897713986	7.109273816
53	843816	251.368682443	0.470968457
53	846155	251.986134435	0.617451992
53	846667	252.125543531	0.139409096
53	854556	253.468354241	1.34281071
53	859942	254.519903155	1.051548914
53	888745	260.729075125	6.20917197
53	889634	260.89704463	0.167969505
53	897056	262.402547258	1.505502628
53	924236	268.228832003	5.826284745
53	942342	272.348585943	4.11975394
53	946652	273.199821829	0.851235886
53	954915	274.982959609	1.78313778
53	964095	277.060395251	2.077435642
53	964758	277.185709893	0.125314642
53	964943	277.21431864	0.028608747
53	968663	278.045636844	0.831318204
53	983288	280.936749886	2.891113042
53	984425	281.219708901	0.282959015
53	985552	281.530926347	0.311217446
53	1000902	284.930125063	3.399198716
53	1015712	287.904699507	2.974574444
53	1020366	288.881893964	0.977194457
53	1040253	293.55493932	4.673045356
53	1042738	294.258662624	0.703723304
53	1047025	295.46615536	1.207492736
53	1068144	302.717975699	7.251820339
53	1072966	304.460441376	1.742465677
53	1083351	308.163739739	3.703298363
53	1085513	308.901312276	0.737572537
53	1106822	315.941124689	7.039812413
53	1120181	320.773712076	4.832587387
53	1128320	323.678752076	2.90504
53	1136904	326.668708381	2.989956305
53	1141962	328.519423512	1.850715131
53	1148890	330.764820716	2.245397204
53	1150463	331.433254466	0.66843375
53	1156407	333.114485636	1.68123117
53	1163283	334.631558481	1.517072845
53	1164925	335.237966446	0.606407965
53	1168757	336.274240863	1.036274417
53	1171801	337.077347551	0.803106688
53	1172558	337.411039132	0.333691581
53	1176687	338.610154017	1.199114885
53	1178586	339.101862537	0.49170852
53	1183034	340.630301493	1.528438956
53	1186083	341.45687578	0.826574287
53	1189016	342.298619508	0.841743728
53	1189445	342.419542216	0.120922708
53	1194817	344.027369609	1.607827393
53	1204345	347.015265325	2.987895716
53	1205618	347.401925639	0.386660314
53	1208340	348.25836152	0.856435881
53	1212363	349.586552252	1.328190732
53	1212801	349.7551022	0.168549948
53	1220252	352.485864054	2.730761854
53	1226966	354.766265197	2.280401143
53	1231090	356.029293155	1.263027958
53	1237961	358.014189935	1.98489678
53	1247988	360.961186054	2.946996119
53	1267159	365.822235727	4.861049673
53	1269989	366.403577653	0.581341926
53	1305302	373.480155582	7.076577929
53	1306668	373.726984975	0.246829393
53	1317760	375.994353721	2.267368746
53	1318091	376.081085245	0.086731524
53	1351858	383.83076434	7.749679095
53	1364308	386.860381074	3.029616734
53	1369651	387.755063545	0.894682471
53	1379837	390.016411775	2.26134823
53	1381538	390.407629684	0.391217909
53	1382685	390.735072563	0.327442879
53	1408550	396.571918796	5.836846233
53	1414642	397.815894844	1.243976048
53	1429941	400.931042365	3.115147521
53	1434244	401.850369247	0.919326882
53	1443372	403.760836598	1.910467351
53	1451359	405.371137391	1.610300793
53	1453706	405.85917492	0.488037529
53	1471559	409.755434646	3.896259726
53	1471904	409.814523108	0.059088462
53	1482305	412.372008562	2.557485454
53	1502082	417.479328111	5.107319549
53	1503175	417.839601476	0.360273365
53	1511699	419.343709414	1.504107938
53	1521234	422.397971647	3.054262233
53	1534809	426.61270252	4.214730873
53	1538914	428.047788109	1.435085589
53	1543330	429.177885011	1.130096902
53	1546526	430.091260979	0.913375968
53	1546602	430.123420104	0.032159125
53	1546921	430.301491664	0.17807156
53	1548846	430.879648212	0.578156548
53	1563787	435.596942957	4.717294745
53	1565368	436.167511543	0.570568586
53	1569540	437.423109556	1.255598013
53	1570652	437.917566054	0.494456498
53	1575911	439.826868483	1.909302429
53	1576939	440.040371736	0.213503253
53	1594804	446.307216545	6.266844809
53	1603540	448.642666508	2.335449963
53	1604928	449.086695138	0.44402863
53	1608020	450.044960393	0.958265255
53	1624571	455.946691519	5.901731126
53	1625474	456.230911936	0.284220417
53	1631492	457.921522457	1.690610521
53	1634362	458.571366307	0.64984385
53	1641928	461.082218191	2.510851884
53	1656936	465.43700426	4.354786069
53	1659081	466.110790321	0.673786061
53	1659361	466.192769819	0.081979498
53	1663847	467.492435784	1.299665965
53	1678862	472.626792095	5.134356311
53	1684876	474.497345762	1.870553667
53	1685714	474.856131208	0.358785446
53	1692561	476.352819497	1.496688289
53	1704115	479.226137615	2.873318118
53	1704645	479.379552475	0.15341486
53	1705295	479.554083858	0.174531383
53	1708815	480.674860546	1.120776688
53	1709902	481.010659448	0.335798902
53	1715790	482.262759117	1.252099669
53	1715973	482.312132422	0.049373305
53	1716228	482.378127596	0.065995174
53	1718801	482.997965763	0.619838167
53	1721832	483.608507131	0.610541368
53	1722995	483.821498039	0.212990908
53	1725356	484.324174721	0.502676682
53	1735148	486.434381021	2.1102063
53	1739552	487.150251163	0.715870142
53	1750830	489.425662807	2.275411644
53	1752835	489.874429182	0.448766375
53	1753159	489.961376457	0.086947275
53	1763315	491.877474615	1.916098158
53	1775916	493.973335635	2.09586102
53	1776066	494.007641255	0.03430562
53	1778507	494.478526193	0.470884938
53	1793502	497.319728245	2.841202052
53	1793617	497.355955171	0.036226926
53	1809349	500.511260826	3.155305655
53	1817324	502.063456353	1.552195527
53	1821104	502.982638826	0.919182473
53	1847097	508.403925247	5.421286421
53	1858634	511.037722336	2.633797089
53	1868441	513.055585101	2.017862765
53	1870618	513.432446646	0.376861545
53	1872153	513.911425247	0.478978601
53	1883266	516.360526985	2.449101738
53	1887060	517.180434474	0.819907489
53	1888419	517.420811324	0.24037685
53	1896099	518.860221771	1.439410447
53	1896165	518.875808802	0.015587031
53	1909799	521.480424401	2.604615599
53	1913232	522.252428577	0.772004176
53	1917683	523.0386231	0.786194523
53	1923798	524.23255082	1.19392772
53	1955494	530.481703195	6.249152375
53	1961382	531.792524115	1.31082092
53	1964250	532.640326585	0.84780247
53	1970302	534.180545003	1.540218418
53	1971426	534.449806281	0.269261278
53	1977422	535.651538095	1.201731814
53	1981133	536.820446017	1.168907922
53	1982181	537.15813514	0.337689123
53	1987703	538.670352855	1.512217715
53	2000186	541.995174538	3.324821683
53	2004508	543.434485699	1.439311161
53	2004634	543.48654964	0.052063941
53	2005529	543.830326656	0.343777016
53	2009405	545.083697943	1.253371287
53	2018844	547.566688873	2.48299093
53	2023303	548.365240616	0.798551743
53	2030058	549.887782577	1.522541961
53	2033409	550.91066593	1.022883353
53	2034188	551.209386644	0.298720714
53	2041585	552.968429467	1.759042823
53	2047538	554.420385319	1.451955852
53	2062845	558.924886276	4.504500957
53	2066790	560.159322849	1.234436573
53	2077332	563.444041118	3.284718269
53	2077643	563.543906849	0.099865731
53	2082184	564.862992592	1.319085743
53	2086241	565.708560546	0.845567954
53	2094350	567.91241248	2.203851934
53	2116315	574.678434232	6.766021752
53	2117909	575.093048627	0.414614395
53	2121165	576.371531974	1.278483347
53	2136044	580.719089528	4.347557554
53	2137264	581.105785353	0.386695825
53	2145360	583.217548138	2.111762785
53	2147880	584.029655758	0.81210762
53	2148811	584.42762894	0.397973182
53	2151853	585.22581826	0.79818932
53	2166347	589.535917735	4.310099475
53	2169576	590.594639	1.058721265
53	2169722	590.64176569	0.04712669
53	2170576	590.968070077	0.326304387
53	2187819	595.854531054	4.886460977
53	2202728	600.632288962	4.777757908
53	2209044	602.66386671	2.031577748
53	2252889	612.764170071	10.100303361
53	2279776	618.238630031	5.47445996
53	2280349	618.336073223	0.097443192
53	2291433	620.963799083	2.62772586
53	2303072	623.564775473	2.60097639
53	2315299	626.303888458	2.739112985
53	2317307	626.789380521	0.485492063
53	2324412	628.432464814	1.643084293
53	2353184	635.070250163	6.637785349
53	2361218	637.008249134	1.937998971
53	2369441	639.146855261	2.138606127
53	2376198	640.692368733	1.545513472
53	2379620	641.512978067	0.820609334
53	2379855	641.575516188	0.062538121
53	2403495	647.721688139	6.146171951
53	2410442	649.305032154	1.583344015
53	2422992	652.212900723	2.907868569
53	2428486	653.894732023	1.6818313
53	2437334	656.157721847	2.262989824
53	2464141	664.215184244	8.057462397
53	2464943	664.538832848	0.323648604
53	2466156	664.772313434	0.233480586
53	2473094	666.527369023	1.755055589
53	2490357	672.141643313	5.61427429
53	2502408	676.027547505	3.885904192
53	2509188	677.643367347	1.615819842
53	2514215	679.026290232	1.382922885
53	2520539	680.929260944	1.902970712
53	2529599	683.713163638	2.783902694
53	2531654	684.424812716	0.711649078
53	2534373	685.177252217	0.752439501
53	2539150	686.524417884	1.347165667
53	2540626	686.889410616	0.364992732
53	2544609	688.056309809	1.166899193
53	2547377	688.784761537	0.728451728
53	2556008	690.668006335	1.883244798
53	2567826	694.730035427	4.062029092
53	2569880	695.122224116	0.392188689
53	2570056	695.152308149	0.030084033
53	2581234	697.661451447	2.509143298
53	2584754	698.702947445	1.041495998
53	2585762	698.897612865	0.19466542
53	2605915	704.163475151	5.265862286
53	2617212	707.304413586	3.140938435
53	2631602	712.384820049	5.080406463
53	2641762	715.21293767	2.828117621
53	2641808	715.236578662	0.023640992
53	2642460	715.4769403	0.240361638
53	2658918	720.291493044	4.814552744
53	2673564	724.40406772	4.112574676
53	2676752	725.172230182	0.768162462
53	2685542	726.908137206	1.735907024
53	2687700	727.423713966	0.51557676
53	2688986	727.813041104	0.389327138
53	2691619	728.320593045	0.507551941
53	2695484	729.027794703	0.707201658
53	2702910	730.77156122	1.743766517
53	2704923	731.16036946	0.38880824
53	2708963	732.307512672	1.147143212
53	2709822	732.554000084	0.246487412
53	2710905	732.764098586	0.210098502
53	2722870	735.011864274	2.247765688
53	2730044	736.387195059	1.375330785
53	2736172	737.538692439	1.15149738
53	2738644	738.021601534	0.482909095
53	2748280	740.405703491	2.384101957
53	2751011	741.060561882	0.654858391
53	2763732	744.009019357	2.948457475
53	2764281	744.124496335	0.115476978
53	2775363	746.451583907	2.327087572
53	2775853	746.614740613	0.163156706
53	2786050	748.783672048	2.168931435
53	2786262	748.817241599	0.033569551
53	2786881	748.956062239	0.13882064
53	2807238	753.008443745	4.052381506
53	2816896	755.054106835	2.04566309
53	2831208	758.600204013	3.546097178
53	2837552	759.851203388	1.250999375
53	2848974	762.742354301	2.891150913
53	2852962	763.774584574	1.032230273
53	2863968	766.251793315	2.477208741
53	2881821	770.137601152	3.885807837
53	2888436	771.750676987	1.613075835
53	2893231	773.127803599	1.377126612
53	2902808	775.555665812	2.427862213
53	2902940	775.577222633	0.021556821
53	2906172	776.461551608	0.884328975
53	2915666	779.434146379	2.972594771
53	2916393	779.671875534	0.237729155
53	2923923	782.148539809	2.476664275
53	2940505	786.844579808	4.696039999
53	2947912	788.985425013	2.140845205
53	2952816	790.343352191	1.357927178
53	2954118	790.60755608	0.264203889
53	2955007	790.76943129	0.16187521
53	2977182	797.875090576	7.105659286
53	2979139	798.482289224	0.607198648
53	2994694	803.707743267	5.225454043
53	2996492	804.265719435	0.557976168
53	2997475	804.53388759	0.268168155
53	2997712	804.621972974	0.088085384
53	2999466	805.288339698	0.666366724
53	3004689	806.633272904	1.344933206
53	3013500	809.121568497	2.488295593
53	3013641	809.166677207	0.04510871
53	3017778	810.491320554	1.324643347
53	3022791	812.037009279	1.545688725
53	3032157	815.11250368	3.075494401
53	3034871	815.976597689	0.864094009
53	3055753	822.168601432	6.192003743
53	3056079	822.203323748	0.034722316
53	3063163	824.348478747	2.145154999
53	3069559	826.443898012	2.095419265
53	3079729	829.890354884	3.446456872
53	3097237	835.201097191	5.310742307
53	3097756	835.262703656	0.061606465
53	3100087	835.978584721	0.715881065
53	3100122	835.985308116	0.006723395
53	3101468	836.420592732	0.435284616
53	3105152	837.415121942	0.99452921
53	3109987	838.767640883	1.352518941
53	3110130	838.799821056	0.032180173
53	3127323	843.972999136	5.17317808
53	3130146	844.876154578	0.903155442
53	3134183	845.93945079	1.063296212
53	3139935	847.111533446	1.172082656
53	3142467	847.952800837	0.841267391
53	3148677	849.108972842	1.156172005
53	3158546	851.635675132	2.52670229
53	3159797	851.993287733	0.357612601
53	3160664	852.327450061	0.334162328
53	3185863	857.943542173	5.616092112
53	3193256	859.310457549	1.366915376
53	3199273	860.742967567	1.432510018
53	3217352	865.643896087	4.90092852
53	3219229	866.061319532	0.417423445
53	3228852	868.226263699	2.164944167
53	3234485	869.806783807	1.580520108
53	3244290	872.076846306	2.270062499
53	3249595	873.616500526	1.53965422
53	3256579	875.342306722	1.725806196
53	3257708	875.55053805	0.208231328
53	3257741	875.553776512	0.003238462
53	3261382	876.400056668	0.846280156
53	3261904	876.511398829	0.111342161
53	3272423	878.269375093	1.757976264
53	3275880	879.108787135	0.839412042
53	3289383	882.185536933	3.076749798
53	3308757	887.047853111	4.862316178
53	3309948	887.374707303	0.326854192
53	3310120	887.425511106	0.050803803
53	3317045	888.602542961	1.177031855
53	3318389	888.893470292	0.290927331
53	3327656	890.87364358	1.980173288
53	3328384	891.080270789	0.206627209
53	3330287	891.548075305	0.467804516
53	3341686	894.201084129	2.653008824
53	3348410	896.219582215	2.018498086
53	3350903	896.764402931	0.544820716
53	3363835	900.54551749	3.781114559
53	3374876	904.282968733	3.737451243
53	3375610	904.530027757	0.247059024
53	3385635	907.053581082	2.523553325
53	3391640	908.71451848	1.660937398
53	3400379	911.280904666	2.566386186
53	3411169	914.698075209	3.417170543
53	3415506	916.38046007	1.682384861
53	3422475	918.717707323	2.337247253
53	3426273	920.008486992	1.290779669
53	3427893	920.645996135	0.637509143
53	3437687	923.308807161	2.662811026
53	3450215	926.958254061	3.6494469
53	3465379	931.542241093	4.583987032
53	3474881	934.689542107	3.147301014
53	3475501	934.969408617	0.27986651
53	3482384	936.976787811	2.007379194
53	3482822	937.121545707	0.144757896
53	3498175	941.917943477	4.79639777
53	3498755	942.045002715	0.127059238
53	3502520	942.968659031	0.923656316
53	3503849	943.399375692	0.430716661
53	3505048	943.740219377	0.340843685
53	3511017	945.721538866	1.981319489
53	3513846	946.625214121	0.903675255
53	3518228	947.797514105	1.172299984
53	3518776	947.967439567	0.169925462
53	3523005	948.902831865	0.935392298
53	3523676	949.15259838	0.249766515
53	3524403	949.354699754	0.202101374
53	3528302	950.63580356	1.281103806
53	3529000	950.979550116	0.343746556
53	3529474	951.12272948	0.143179364
53	3530573	951.42365516	0.30092568
53	3531956	951.831795507	0.408140347
53	3532229	951.931444433	0.099648926
53	3539516	954.028893604	2.097449171
53	3540101	954.21109836	0.182204756
53	3546067	955.650528633	1.439430273
53	3563388	959.809268852	4.158740219
53	3570189	961.642228869	1.832960017
53	3574117	962.437692432	0.795463563
53	3583178	964.315287995	1.877595563
53	3585332	965.022609683	0.707321688
53	3588617	965.805579376	0.782969693
53	3599371	968.311479938	2.505900562
53	3601175	968.708213652	0.396733714
53	3611743	970.731349631	2.023135979
53	3621757	972.671377596	1.940027965
53	3651430	978.730414875	6.059037279
53	3653126	979.154091538	0.423676663
53	3654481	979.51405753	0.359965992
53	3665173	982.177011639	2.662954109
53	3675046	984.618942261	2.441930622
53	3684874	987.185334496	2.566392235
53	3687814	987.989788161	0.804453665
53	3689714	988.308416669	0.318628508
53	3709677	992.704442902	4.396026233
53	3724827	996.003178097	3.298735195
53	3728692	996.772032421	0.768854324
53	3734458	998.100349291	1.32831687
53	3752501	1001.854198807	3.753849516
53	3755428	1002.508696603	0.654497796
53	3762577	1004.121585429	1.612888826
53	3788773	1010.122043436	6.000458007
53	3790069	1010.425240386	0.30319695
53	3799275	1012.281550722	1.856310336
53	3800112	1012.436890289	0.155339567
53	3811190	1014.803812555	2.366922266
53	3812201	1015.09240324	0.288590685
53	3827238	1018.504872129	3.412468889
53	3829302	1019.137312572	0.632440443
53	3834007	1020.394242389	1.256929817
53	3834602	1020.571028137	0.176785748
53	3845127	1023.877367152	3.306339015
53	3847190	1024.633504743	0.756137591
53	3851615	1025.842994352	1.209489609
53	3858154	1027.136905313	1.293910961
53	3861917	1028.192571069	1.055665756
53	3862199	1028.283772094	0.091201025
53	3867300	1029.426058484	1.14228639
53	3867630	1029.507987665	0.081929181
53	3871629	1030.491061057	0.983073392
53	3876897	1031.53184092	1.040779863
53	3884866	1032.879824765	1.347983845
53	3892309	1035.067554367	2.187729602
53	3898254	1036.304539315	1.236984948
53	3902673	1037.673289723	1.368750408
53	3903220	1037.831968671	0.158678948
53	3904052	1038.047996624	0.216027953
53	3908416	1038.977971863	0.929975239
53	3913457	1040.593524174	1.615552311
53	3920016	1042.421088259	1.827564085
53	3928302	1044.650172488	2.229084229
53	3929532	1045.05927486	0.409102372
53	3940783	1047.584350715	2.525075855
53	3944480	1048.347534827	0.763184112
53	3947416	1049.138136597	0.79060177
53	3955799	1051.751768191	2.613631594
53	3957229	1052.239527814	0.487759623
53	3978704	1058.839456891	6.599929077
53	3985025	1060.80677146	1.967314569
53	3985181	1060.866164742	0.059393282
53	3985320	1060.901739249	0.035574507
53	4011775	1067.501007474	6.599268225
53	4020147	1069.810597915	2.309590441
53	4022222	1070.22587111	0.415273195
53	4041691	1075.316721778	5.090850668
53	4044599	1075.887459707	0.570737929
53	4063431	1080.349825756	4.462366049
53	4064934	1080.830321417	0.480495661
53	4069007	1081.764998202	0.934676785
53	4072695	1082.646318549	0.881320347
53	4075822	1083.46088032	0.814561771
53	4080324	1084.406858258	0.945977938
53	4080893	1084.532215808	0.12535755
53	4095051	1087.560337026	3.028121218
53	4105010	1089.572869196	2.01253217
53	4108954	1090.360766234	0.787897038
53	4115563	1091.71857673	1.357810496
53	4129345	1094.732134431	3.013557701
53	4140252	1097.012921595	2.280787164
53	4150187	1099.332180823	2.319259228
53	4154761	1100.589347103	1.25716628
53	4158222	1101.370119742	0.780772639
53	4159546	1101.712981831	0.342862089
53	4179644	1106.536709467	4.823727636
53	4187271	1108.221362614	1.684653147
53	4187343	1108.229903558	0.008540944
53	4191773	1109.109455656	0.879552098
53	4192939	1109.293838084	0.184382428
53	4194052	1109.572947343	0.279109259
53	4196209	1109.838576854	0.265629511
53	4206188	1111.175299199	1.336722345
53	4211845	1112.169701062	0.994401863
53	4215036	1112.796183506	0.626482444
53	4230916	1115.998817816	3.20263431
53	4238013	1117.80237716	1.803559344
53	4243836	1118.655518285	0.853141125
53	4259371	1121.843098098	3.187579813
53	4268197	1124.006423906	2.163325808
53	4268544	1124.083315231	0.076891325
53	4271128	1124.618094612	0.534779381
53	4281227	1126.61350913	1.995414518
53	4285274	1127.441875256	0.828366126
53	4291469	1128.760968117	1.319092861
53	4292107	1128.886980797	0.12601268
53	4299458	1130.528342831	1.641362034
53	4300239	1130.669727481	0.14138465
53	4301328	1130.948400665	0.278673184
53	4305530	1131.677912671	0.729512006
53	4312199	1132.952666368	1.274753697
53	4316810	1134.00453356	1.051867192
53	4318643	1134.434688821	0.430155261
53	4322389	1135.320681239	0.885992418
53	4328031	1136.744462439	1.4237812
53	4334790	1139.471289979	2.72682754
53	4334866	1139.510183007	0.038893028
53	4335782	1139.896998629	0.386815622
53	4342690	1142.41523065	2.518232021
53	4343573	1142.850870301	0.435639651
53	4343757	1142.934088978	0.083218677
53	4345562	1143.590281482	0.656192504
53	4350501	1144.921202135	1.330920653
53	4352341	1145.681909717	0.760707582
53	4354065	1146.4632109	0.781301183
53	4355283	1146.964342806	0.501131906
53	4356113	1147.292838717	0.328495911
53	4358231	1148.089168485	0.796329768
53	4360152	1148.631507101	0.542338616
