version 2
run ChordDht-9-20211202-15:57:50-10332
attr Lifetime 1000s
attr configname ChordDht
attr datetime 20211202-15:57:50
attr experiment ChordDht
attr inifile configs.ini
attr iterationvars $Lifetime=1000s
attr iterationvars2 "$Lifetime=1000s, $repetition=0"
attr measurement $Lifetime=1000s
attr network oversim.underlay.simpleunderlay.SimpleUnderlayNetwork
attr processid 10332
attr repetition 0
attr replication #0
attr resultdir results
attr runnumber 9
attr seedset 9

vector 55  SimpleUnderlayNetwork.globalObserver.globalStatistics  "GlobalNodeList: Number of nodes"  ETV
vector 56  SimpleUnderlayNetwork.globalObserver.globalStatistics  "GlobalDhtTestMap: Number of stored DHT entries"  ETV
vector 57  SimpleUnderlayNetwork.globalObserver.globalStatistics  "LifetimeChurn: Session Time"  ETV
vector 58  SimpleUnderlayNetwork.globalObserver.globalStatistics  "LifetimeChurn: Time between creates"  ETV
vector 59  SimpleUnderlayNetwork.globalObserver.globalStatistics  "LifetimeChurn: Time between deletes"  ETV
55	494954	150	509
55	696429	200	518
55	864170	250	507
55	1095507	300	513
55	1257999	350	510
55	1478584	400	505
55	1671299	450	509
55	1855173	500	499
55	2074965	550	497
55	2245380	600	500
55	2474644	650	495
55	2659289	700	499
55	2870463	750	507
55	3077667	800	505
55	3260575	850	506
55	3490182	900	501
55	3674215	950	510
55	3897755	1000	508
55	4108811	1050	520
55	4306662	1100	515
56	494955	150	759
56	545214	160	850
56	595959	170	940
56	631277	180	990
56	666799	190	1066
56	696430	200	1152
56	727753	210	1244
56	757287	220	1341
56	790096	230	1416
56	819356	240	1482
56	864171	250	1558
56	911607	260	1646
56	964896	270	1735
56	1011746	280	1823
56	1058056	290	1899
56	1095508	300	1960
56	1129672	310	2045
56	1164137	320	2134
56	1197612	330	2240
56	1228691	340	2315
56	1258000	350	2378
56	1288973	360	2439
56	1334126	370	2454
56	1380031	380	2433
56	1433628	390	2431
56	1478585	400	2420
56	1526040	410	2420
56	1563604	420	2451
56	1598287	430	2448
56	1632784	440	2453
56	1671300	450	2453
56	1705188	460	2431
56	1736585	470	2403
56	1769853	480	2439
56	1811783	490	2436
56	1855174	500	2438
56	1907393	510	2439
56	1952106	520	2426
56	2002691	530	2418
56	2039289	540	2421
56	2074966	550	2417
56	2110479	560	2420
56	2147784	570	2413
56	2179726	580	2413
56	2212992	590	2410
56	2245381	600	2417
56	2287599	610	2415
56	2331540	620	2420
56	2383332	630	2401
56	2430406	640	2394
56	2474645	650	2406
56	2512554	660	2409
56	2549275	670	2407
56	2587400	680	2409
56	2622209	690	2404
56	2659290	700	2401
56	2690907	710	2384
56	2725535	720	2387
56	2765444	730	2390
56	2817109	740	2388
56	2870464	750	2367
56	2919937	760	2376
56	2966042	770	2388
56	3004297	780	2394
56	3039227	790	2390
56	3077668	800	2389
56	3115554	810	2384
56	3148078	820	2378
56	3182397	830	2392
56	3217414	840	2394
56	3260576	850	2414
56	3307506	860	2403
56	3362767	870	2402
56	3405172	880	2400
56	3451865	890	2396
56	3490183	900	2407
56	3528123	910	2421
56	3565483	920	2410
56	3601961	930	2399
56	3638197	940	2408
56	3674216	950	2413
56	3710320	960	2417
56	3754329	970	2431
56	3799576	980	2421
56	3851180	990	2424
56	3897756	1000	2401
56	3946513	1010	2426
56	3986616	1020	2423
56	4026654	1030	2441
56	4068975	1040	2433
56	4108812	1050	2441
56	4145420	1060	2433
56	4183669	1070	2444
56	4223049	1080	2440
56	4263034	1090	2454
56	4306663	1100	2456
56	4353643	1110	2449
56	4399585	1120	2448
56	4445799	1130	2456
56	4480682	1140	2443
57	495969	150.22123188	595.976850781
57	504616	152.044023017	631.81030642
57	516501	154.369776877	758.945401508
57	517809	154.624835938	418.084683971
57	518662	154.84740435	2074.419760629
57	525197	156.122826277	950.283169781
57	527862	156.573806329	2971.057628472
57	534464	157.908986566	1921.915396945
57	547884	160.506631778	2930.184632931
57	556403	162.281874854	250.94806467
57	573689	165.759412096	1550.812462215
57	573956	165.830015361	727.55072791
57	587581	168.435752958	242.323791707
57	600390	171.005550053	680.084610187
57	601258	171.213445822	150.349573021
57	601358	171.237374041	1000.138194063
57	607659	172.903824144	1776.363816718
57	609381	173.493726454	806.491726192
57	619014	176.489086759	5.857084586
57	621944	177.232145565	2521.74750577
57	625183	178.470468478	2032.611548745
57	637087	181.951068402	254.884217574
57	643431	183.928617164	436.040102282
57	645775	184.371271856	127.502778464
57	656070	187.310684933	352.782922145
57	656267	187.374505637	177.460649643
57	659086	188.048154125	2024.380919288
57	660793	188.423346097	679.809766456
57	665089	189.454403009	1370.238012991
57	669702	190.98754306	61.006678927
57	673421	191.913498091	350.004714596
57	679021	194.000652043	426.378042235
57	682785	195.517390299	850.408945068
57	685021	196.274764614	2848.09239943
57	687330	196.961754218	21.20871561
57	705564	203.636572231	961.505083697
57	705633	203.669814771	943.517415175
57	732895	212.002007513	282.891475281
57	738493	214.037582796	17.468166653
57	750096	217.649046102	149.508157427
57	758871	220.669055424	961.478277753
57	760399	221.341976105	2620.47674494
57	761093	221.627853074	319.149977781
57	765610	223.108660565	1712.819028438
57	778103	226.66752929	161.351533686
57	783627	228.073430214	403.049016726
57	788726	229.473009496	243.677322892
57	796051	231.650262171	224.441476705
57	803682	234.155161202	4338.037186735
57	818824	239.76375068	379.522834688
57	826379	241.951372153	1030.449983274
57	828124	242.354801669	417.331991652
57	839714	244.841495857	42.724249358
57	840927	245.124857364	564.34871609
57	842629	245.47650868	213.894543075
57	867897	250.889813131	313.326868933
57	869123	251.150550613	140.61016436
57	875053	252.283825359	2467.716856827
57	882044	253.735926601	10.039895226
57	883480	254.033775322	1448.457114734
57	889439	255.232033139	3943.026194928
57	895604	256.263092797	2059.054109361
57	895917	256.32462396	2127.733098088
57	901506	257.588952555	235.345119074
57	913465	260.431414622	20.337294643
57	913967	260.54472671	913.306626063
57	918401	261.318130618	44.52683166
57	921905	261.955164519	797.218222532
57	926310	262.773824874	256.123105909
57	938675	265.018466243	1291.344106075
57	942678	265.751557322	536.920864516
57	962259	269.449944561	82.116327654
57	981060	273.612923197	137.050474198
57	987935	274.870605243	1212.340566077
57	996472	276.5368572	427.812291722
57	1005484	278.679937187	563.085877241
57	1009862	279.452023585	83.635437768
57	1021399	282.435355584	98.634891072
57	1030278	284.555068372	170.645112087
57	1031806	284.912969251	560.224742148
57	1061624	290.712337528	499.783500152
57	1062699	290.877895221	2326.009098961
57	1065297	291.569431358	1100.548841569
57	1068869	292.513336826	608.066489291
57	1078360	295.135224503	1346.52295184
57	1078819	295.287705048	322.295830954
57	1082964	296.615210905	13.411544927
57	1085698	297.468837936	2568.055511941
57	1093169	299.317178223	2007.25917833
57	1103426	302.275731127	694.373266954
57	1113358	305.517741613	883.08418267
57	1127783	309.370986784	1964.890983576
57	1128883	309.754100993	279.501414992
57	1132413	310.692689431	237.563850762
57	1141682	313.409010641	6.114299775
57	1145165	314.239408941	1278.519145812
57	1148721	315.292103687	206.188081595
57	1149886	315.605993604	733.539971189
57	1158901	318.616654862	403.529846812
57	1159622	318.810831375	1791.221477161
57	1168211	321.320711283	206.713999103
57	1168937	321.657648987	505.352071032
57	1168965	321.662685148	1843.286889537
57	1169482	321.912484843	162.122693713
57	1198037	330.194349287	1489.98439419
57	1205651	332.580024778	416.111774843
57	1212061	334.718108665	131.72547723
57	1215161	335.817122897	1025.973633636
57	1220852	337.675739626	284.146155973
57	1229023	340.16095662	1296.136501381
57	1236007	342.866586664	454.726776821
57	1252959	348.431975651	60.366554695
57	1258675	350.208547833	439.476547867
57	1265261	351.816257788	5810.427323753
57	1266426	352.090560382	1097.428163537
57	1268903	352.750886102	281.706631711
57	1281427	357.408708687	7.890122617
57	1312737	365.587597501	845.084056514
57	1313556	365.815168557	296.481410579
57	1316761	366.505417879	222.554288519
57	1326989	368.61897276	1575.241523984
57	1361399	376.106884177	219.497105306
57	1363169	376.435816083	39.531202903
57	1375582	378.845833803	982.333340779
57	1375641	378.85678679	66.308721486
57	1385579	380.958471907	898.704424278
57	1388783	381.511939094	1971.346440134
57	1402161	383.834890524	4978.777123873
57	1411626	385.68025269	136.246393339
57	1426094	388.435451464	312.751395666
57	1436510	390.694085615	416.53511183
57	1441961	391.960780497	435.389177703
57	1498773	405.021086739	1186.095211035
57	1502625	405.703609069	1075.229981279
57	1505860	406.395002347	1173.217734401
57	1509050	406.871895548	1292.253796597
57	1511061	407.152428746	1046.46843702
57	1523489	409.427944383	124.447179412
57	1529059	410.440086474	144.942242913
57	1533982	411.734182237	2297.644997349
57	1544234	414.667237475	2309.698254303
57	1550942	416.66004537	25.419162174
57	1551637	416.779896354	1096.644520193
57	1552205	416.919613527	968.85359001
57	1573206	423.073910484	923.416306718
57	1584128	426.264905245	1022.303811485
57	1585609	426.662814774	1295.378032522
57	1594157	428.590599217	856.701500197
57	1594378	428.672165017	1123.363677123
57	1604969	431.953353837	809.234581044
57	1605116	431.995852917	149.111895105
57	1606139	432.326812917	35.090700897
57	1611620	433.791557163	2295.600003551
57	1615601	435.302661036	535.026666345
57	1620458	436.586438933	286.083613535
57	1620847	436.696679133	12.57804889
57	1622512	437.241782231	1237.474993785
57	1630948	439.356884304	1926.923125362
57	1639132	441.692895977	335.228725237
57	1640417	442.069570095	877.80979775
57	1643726	442.945279224	545.246234107
57	1648714	444.078337231	775.423439456
57	1649239	444.208847378	685.151903685
57	1661991	447.561554991	103.714559878
57	1672877	450.64695944	39.64958164
57	1681612	453.087488444	865.241956289
57	1682245	453.236486702	419.977119653
57	1692708	456.666566769	1220.099943748
57	1699558	458.647169317	2006.635830501
57	1708403	461.456555635	822.673167233
57	1712551	462.821539193	782.899352678
57	1713146	462.973746179	4165.455107835
57	1716523	463.834984941	3039.319766575
57	1726693	466.768012901	2125.33352516
57	1732717	468.61014013	3322.575372352
57	1736072	469.77485732	1630.876256005
57	1764662	478.403458589	1081.161003872
57	1779995	482.897769897	917.349775143
57	1782994	483.652012925	4407.169902632
57	1787200	484.518817804	242.667000487
57	1794606	486.189693931	611.626876421
57	1796214	486.513330675	28.435508518
57	1806819	488.972318413	2287.766475612
57	1810346	489.632886848	5187.702961687
57	1830926	494.61356345	1379.886158476
57	1833902	495.448174531	2395.770022713
57	1843210	497.172705648	1848.158594898
57	1852989	499.310578319	821.879794331
57	1862214	501.249607258	29.13056181
57	1890122	506.914922178	1338.41252753
57	1891170	507.079511164	1414.171403326
57	1904589	509.344455157	374.17560462
57	1909419	510.593732695	1069.501130249
57	1909695	510.686642466	27.991688145
57	1910629	510.947223677	2518.559329283
57	1917701	512.432837049	1568.082130191
57	1931627	515.54278964	364.879925286
57	1940805	517.543450231	171.548765508
57	1941252	517.625681283	1781.043193735
57	1951343	519.77077803	332.439837021
57	1960490	521.551913831	1625.831039248
57	1965095	522.654683174	123.261572175
57	1967746	523.31028564	557.198254746
57	1979786	525.909874523	1080.007880802
57	1989229	527.779885789	1316.677566685
57	1990727	527.981465673	2865.546084608
57	1999674	529.342327965	160.109828659
57	2002127	529.862938517	851.437308471
57	2012870	532.057005803	1872.767953257
57	2013270	532.158816731	2015.10985864
57	2017286	533.139770206	1067.523488083
57	2029024	536.506206479	1215.820405295
57	2035881	538.971590469	37.64047529
57	2041701	540.576544147	164.869795219
57	2059542	546.392406607	450.261787094
57	2061577	546.976985179	342.459055089
57	2062624	547.177919952	343.428001036
57	2064494	547.715109733	657.571577635
57	2075773	550.232146972	416.799765037
57	2082707	552.038266537	53.753869406
57	2087371	553.335426335	1270.163554521
57	2089462	553.992112807	87.804040668
57	2091436	554.586633129	408.992739458
57	2093474	555.120979529	207.33370701
57	2113394	560.830724167	755.968722983
57	2122437	563.353284432	657.138002161
57	2129763	565.334476292	119.917496743
57	2132192	565.999475522	819.728219414
57	2137825	567.41564426	1550.283948565
57	2160339	573.661790589	966.311060495
57	2160458	573.698874734	1085.567405246
57	2165831	575.374260459	1616.420469833
57	2180610	580.331878664	38.214210121
57	2197922	586.130827596	24.06935489
57	2201444	587.340540356	529.803851398
57	2204245	588.178693648	1096.966466624
57	2207049	588.801394383	1287.499514987
57	2225450	593.589276301	417.441380673
57	2229062	595.085933881	2108.343419335
57	2233271	596.111838569	149.583170286
57	2242869	599.316670514	620.977998417
57	2253805	602.339016425	152.71140457
57	2255048	602.668679962	19.435597778
57	2260263	603.911087576	54.751800811
57	2292945	611.357898075	729.181371717
57	2303879	613.687405694	469.519216709
57	2307834	614.498543175	554.198357859
57	2308724	614.748601804	1832.528227507
57	2320230	617.262354927	1985.860856539
57	2321612	617.62339774	955.886805448
57	2336419	621.116306675	110.482632095
57	2349478	624.000928273	331.57923653
57	2357094	625.638840385	145.051813901
57	2361981	626.523880366	885.434659208
57	2373514	628.340575222	120.230553752
57	2390174	631.683833945	2273.052145433
57	2422451	638.398432986	1023.239103187
57	2429182	639.71262877	300.674674972
57	2439975	642.450297597	1437.566145912
57	2465675	648.227613146	717.454769843
57	2478631	650.847557727	1091.482758224
57	2480039	651.172861968	863.645256751
57	2480100	651.185164334	106.112217728
57	2495404	655.117225397	233.81320923
57	2495803	655.228674155	583.569652826
57	2496787	655.448697314	358.186140358
57	2512799	660.080743804	170.683587345
57	2513295	660.216363082	132.86177641
57	2550499	670.26687866	803.583772682
57	2561522	672.855007147	398.415579517
57	2566827	674.588132066	1630.251908607
57	2568749	675.044547874	666.452230242
57	2574288	676.301513545	1328.754512383
57	2581358	678.470492785	485.286220633
57	2586653	679.788724571	1602.779601494
57	2603714	684.459343183	1983.258655312
57	2622191	689.999532928	19.74393855
57	2624626	690.813451202	184.036506348
57	2625440	691.093114008	939.801260428
57	2637793	694.198332235	855.382200957
57	2639289	694.644656078	875.247321299
57	2648868	696.501130168	22.532308961
57	2652247	697.590658218	2402.142588761
57	2654286	698.420599269	2254.422482498
57	2670006	703.926373343	1085.802375857
57	2675422	705.838097921	2380.422146736
57	2677659	706.523830666	481.049987751
57	2690509	709.834990805	1689.928856034
57	2691107	710.07661528	61.281545701
57	2703274	713.72982434	255.80214243
57	2703715	713.858195188	80.5931685
57	2706871	714.848292754	2122.318637505
57	2708223	715.286264103	836.782076783
57	2712219	716.256243644	196.598451939
57	2738102	723.706213294	377.799903508
57	2744600	725.267322328	2909.874190074
57	2764026	729.698416652	1587.999594075
57	2764693	729.846756203	802.847446203
57	2765407	729.996069138	2056.837157457
57	2778143	732.186343073	503.554514166
57	2786777	734.024242167	634.79824686
57	2787687	734.186494866	388.622790899
57	2789475	734.576273787	622.460350363
57	2795969	735.843369957	1202.327219688
57	2803115	737.216160682	337.477333751
57	2808181	738.22081178	1033.001394962
57	2809836	738.591822011	4358.623921845
57	2817842	740.131976086	98.456166967
57	2823899	741.630978858	875.036031786
57	2825656	742.099939523	4120.47543807
57	2830762	743.232881741	469.33055876
57	2831414	743.363039725	30.329462293
57	2840728	744.984959127	287.379294412
57	2843366	745.408373912	1097.562808752
57	2847815	746.18465462	31.062237522
57	2848118	746.239582482	583.826854783
57	2851071	746.819795436	2157.957442376
57	2868685	749.628476685	3624.843058418
57	2872070	750.465388776	8.855978145
57	2877401	751.642393804	314.613232491
57	2889286	753.809433196	1354.120755763
57	2894481	754.759287916	211.940813177
57	2903573	756.427406155	1346.724958872
57	2911329	758.080060745	831.06436197
57	2925546	761.260777181	1113.995091182
57	2939501	764.585820121	1421.517085076
57	2942688	765.47512627	2635.941700675
57	2943395	765.644950928	116.615831319
57	2948108	766.721156824	840.297976467
57	2986429	775.405048867	1178.977390049
57	2991036	776.582657219	456.955574638
57	2998291	778.598687746	492.097588736
57	2998636	778.691946461	173.193328733
57	3002519	779.594361116	39.709709094
57	3011315	781.494298304	922.362491895
57	3011608	781.590944343	1889.95375961
57	3012492	781.90286386	868.161445382
57	3021757	785.219730025	193.660409151
57	3028045	787.072534572	839.517909917
57	3045496	791.578937411	644.590551239
57	3060322	795.703674017	1560.528656007
57	3062146	796.100136567	801.356489055
57	3063875	796.473026599	1247.448721774
57	3074226	798.759624404	970.386168225
57	3080284	800.746290615	824.038227168
57	3089397	803.123940469	678.727220161
57	3111171	808.637459009	1218.575596417
57	3112755	809.010337188	938.109769182
57	3114022	809.427108436	2276.046234704
57	3126178	813.226123991	1316.581778843
57	3138536	817.121701804	214.697610485
57	3145757	819.356550838	729.158344468
57	3148906	820.29357751	170.865005444
57	3152144	821.538191611	4520.233638771
57	3159835	823.97898701	270.693392374
57	3165974	825.884655987	592.921223304
57	3179599	829.40121603	1441.885241706
57	3185766	830.753621401	2785.442741492
57	3196307	833.150843612	3961.863274973
57	3196957	833.322940768	307.914596968
57	3207250	836.611256189	3356.936899133
57	3217318	839.976423105	228.76531585
57	3228191	843.126826596	44.135698856
57	3230039	843.600813179	39.499834089
57	3238115	845.181231794	3783.527851163
57	3251797	848.218386082	474.869174131
57	3280484	854.378484149	988.582904236
57	3281829	854.706348357	921.49534338
57	3283642	855.150767423	335.679236915
57	3289624	856.133072247	50.090849137
57	3297534	857.889499798	288.654719427
57	3303991	859.196434461	1672.645797441
57	3305030	859.407252992	28.154670062
57	3306580	859.737160424	783.19404924
57	3321174	862.219625818	717.572045911
57	3323792	862.644578427	318.283979886
57	3337735	865.545903015	619.112765272
57	3355838	868.681469464	637.362857502
57	3392913	877.259759602	221.406686358
57	3396568	878.152421653	747.688934494
57	3406111	880.231428744	761.342240806
57	3414726	882.371139469	442.056627133
57	3416199	882.714149633	78.747142628
57	3427785	885.148367822	1408.426261733
57	3432917	886.328027257	85.027433081
57	3479287	896.877054684	116.792037177
57	3484090	898.425278109	213.447608815
57	3488877	899.762227726	184.687316648
57	3495646	901.401758133	704.246903741
57	3508389	904.829365438	1044.257619631
57	3514950	906.787864995	2512.428594133
57	3523313	908.638011779	823.725286773
57	3528957	910.209949829	302.500337397
57	3535245	911.728140471	16.602362692
57	3550179	915.99783998	2211.318918045
57	3570631	921.521111376	148.919181635
57	3576548	923.359327992	1551.649106229
57	3582346	924.700964106	47.641037019
57	3583987	925.140605959	1604.376242589
57	3589986	926.873907587	2994.551950008
57	3601758	929.93789893	423.582255662
57	3614338	933.197537386	1490.24637104
57	3617116	934.180981126	78.317122676
57	3617583	934.305236224	5776.301316519
57	3628059	936.777582942	711.691199372
57	3629492	937.214151327	1110.530660819
57	3638636	940.137343276	1331.652255004
57	3642681	941.35002492	623.1293592
57	3651044	943.969775928	3562.667365481
57	3656607	945.585595164	393.864120811
57	3657637	945.879682253	1780.796752637
57	3667314	948.139413211	570.817846151
57	3671020	949.183318286	193.224043872
57	3686943	953.475571441	486.948742088
57	3696263	956.472345505	2979.920698094
57	3699447	957.311081065	356.412543042
57	3700669	957.730999622	1326.335283551
57	3702977	958.472011096	1198.546136972
57	3704783	958.889035684	1161.290615617
57	3738236	966.842019272	1206.104589668
57	3755107	970.250069	1027.301015829
57	3755397	970.348228523	2680.809444026
57	3761313	971.930460334	1019.16913927
57	3762746	972.271318325	995.973795425
57	3765466	973.001959081	84.968061561
57	3771674	974.315917248	367.483625917
57	3774876	975.000299904	953.278672813
57	3798155	979.644216421	371.332264738
57	3803269	980.802799082	1445.494203334
57	3806080	981.38985845	702.369329737
57	3814240	983.230433987	421.867009713
57	3819910	984.563467752	1500.28495985
57	3847473	989.29637047	2370.472681429
57	3855911	990.976567049	1763.034900498
57	3857891	991.470839231	397.243185571
57	3862954	992.318642668	2342.568238779
57	3866986	992.988323611	174.436767174
57	3869322	993.496535293	352.0505699
57	3895259	999.492343866	811.140992361
57	3905279	1001.717843716	3145.439399478
57	3906394	1002.001180253	989.45221174
57	3908573	1002.604583026	421.235901509
57	3917411	1004.116006383	1887.430402011
57	3917505	1004.13138616	2038.504507275
57	3922192	1004.890577181	336.581985178
57	3924600	1005.342783193	137.522525451
57	3960720	1013.858848871	795.392299178
57	3966731	1015.1716923	4243.642879442
57	3972783	1017.00775665	2062.944638431
57	3974099	1017.4224136	2058.128406455
57	3975689	1017.91051946	1142.501443388
57	3978109	1018.403024712	333.968389559
57	3999346	1023.979707368	391.462712774
57	4018635	1028.188658601	2399.300270501
57	4028003	1030.362469476	428.192881626
57	4033360	1031.476160285	440.830455802
57	4034023	1031.634884004	1981.23264525
57	4035161	1031.86085936	886.585146309
57	4039116	1032.86537087	4239.756377664
57	4039669	1032.981258098	334.346105702
57	4044386	1033.898485067	732.692475868
57	4045527	1034.175911859	90.000505574
57	4063982	1038.598558456	1247.860377747
57	4070027	1040.330986347	829.46502166
57	4079931	1043.557108743	448.881183814
57	4086895	1045.098698702	745.596022325
57	4107362	1049.475644111	3409.69070604
57	4132340	1056.57442633	341.18139656
57	4134185	1057.046857963	1308.696547209
57	4135792	1057.557516488	344.107543323
57	4136423	1057.763445593	328.821264016
57	4146609	1060.315240501	1522.347475918
57	4149421	1061.175322608	226.422101917
57	4151346	1061.733415378	895.304708744
57	4172364	1067.196497649	727.213817681
57	4179988	1069.129417622	31.81510514
57	4181274	1069.389963728	801.105589816
57	4185357	1070.452625485	1742.229356787
57	4186534	1070.786282641	878.546699062
57	4201671	1074.141521245	137.125571789
57	4206193	1075.398225917	2729.17185099
57	4208981	1076.144139035	699.637334083
57	4252822	1088.201214171	1335.897168622
57	4255039	1088.630349602	2542.201017915
57	4266263	1090.815325335	61.951596792
57	4271281	1092.032674242	1263.472855864
57	4305261	1099.560458193	666.939247824
57	4306605	1099.987486244	158.731103435
57	4318356	1103.001043668	3451.857290874
57	4325888	1104.755024921	966.106483542
57	4332708	1106.176534165	63.442979627
57	4338887	1107.303499775	602.467970005
57	4343105	1107.814498554	309.351337454
57	4343221	1107.829400869	579.646537483
57	4358434	1111.148447575	606.591414616
57	4359869	1111.534099132	101.749589516
57	4362957	1112.251716354	893.187946892
57	4378047	1115.010723808	710.50276299
57	4394647	1119.123300083	484.004441304
57	4420613	1125.112388908	1898.225662
57	4433829	1127.711660085	1075.134082402
57	4435589	1128.133847935	326.463963082
57	4453558	1131.871829448	92.889717133
57	4482235	1140.790882011	1359.829639513
57	4483092	1141.365412884	861.116469482
57	4483568	1141.638984529	280.46294437
57	4485909	1142.42476101	660.985430351
57	4486220	1142.517700551	808.68850067
57	4488869	1143.545017875	422.742080599
57	4492193	1144.629053206	77.723534518
58	495969	150.22123188	0.981113835
58	504616	152.044023017	1.822791137
58	516501	154.369776877	2.32575386
58	517809	154.624835938	0.255059061
58	518662	154.84740435	0.222568412
58	525197	156.122826277	1.275421927
58	527862	156.573806329	0.450980052
58	534464	157.908986566	1.335180237
58	547884	160.506631778	2.597645212
58	556403	162.281874854	1.775243076
58	573689	165.759412096	3.477537242
58	573956	165.830015361	0.070603265
58	587581	168.435752958	2.605737597
58	600390	171.005550053	2.569797095
58	601258	171.213445822	0.207895769
58	601358	171.237374041	0.023928219
58	607659	172.903824144	1.666450103
58	609381	173.493726454	0.58990231
58	619014	176.489086759	2.995360305
58	621944	177.232145565	0.743058806
58	625183	178.470468478	1.238322913
58	637087	181.951068402	3.480599924
58	643431	183.928617164	1.977548762
58	645775	184.371271856	0.442654692
58	656070	187.310684933	2.939413077
58	656267	187.374505637	0.063820704
58	659086	188.048154125	0.673648488
58	660793	188.423346097	0.375191972
58	665089	189.454403009	1.031056912
58	669702	190.98754306	1.533140051
58	673421	191.913498091	0.925955031
58	679021	194.000652043	2.087153952
58	682785	195.517390299	1.516738256
58	685021	196.274764614	0.757374315
58	687330	196.961754218	0.686989604
58	705564	203.636572231	6.674818013
58	705633	203.669814771	0.03324254
58	732895	212.002007513	8.332192742
58	738493	214.037582796	2.035575283
58	750096	217.649046102	3.611463306
58	758871	220.669055424	3.020009322
58	760399	221.341976105	0.672920681
58	761093	221.627853074	0.285876969
58	765610	223.108660565	1.480807491
58	778103	226.66752929	3.558868725
58	783627	228.073430214	1.405900924
58	788726	229.473009496	1.399579282
58	796051	231.650262171	2.177252675
58	803682	234.155161202	2.504899031
58	818824	239.76375068	5.608589478
58	826379	241.951372153	2.187621473
58	828124	242.354801669	0.403429516
58	839714	244.841495857	2.486694188
58	840927	245.124857364	0.283361507
58	842629	245.47650868	0.351651316
58	867897	250.889813131	5.413304451
58	869123	251.150550613	0.260737482
58	875053	252.283825359	1.133274746
58	882044	253.735926601	1.452101242
58	883480	254.033775322	0.297848721
58	889439	255.232033139	1.198257817
58	895604	256.263092797	1.031059658
58	895917	256.32462396	0.061531163
58	901506	257.588952555	1.264328595
58	913465	260.431414622	2.842462067
58	913967	260.54472671	0.113312088
58	918401	261.318130618	0.773403908
58	921905	261.955164519	0.637033901
58	926310	262.773824874	0.818660355
58	938675	265.018466243	2.244641369
58	942678	265.751557322	0.733091079
58	962259	269.449944561	3.698387239
58	981060	273.612923197	4.162978636
58	987935	274.870605243	1.257682046
58	996472	276.5368572	1.666251957
58	1005484	278.679937187	2.143079987
58	1009862	279.452023585	0.772086398
58	1021399	282.435355584	2.983331999
58	1030278	284.555068372	2.119712788
58	1031806	284.912969251	0.357900879
58	1061624	290.712337528	5.799368277
58	1062699	290.877895221	0.165557693
58	1065297	291.569431358	0.691536137
58	1068869	292.513336826	0.943905468
58	1078360	295.135224503	2.621887677
58	1078819	295.287705048	0.152480545
58	1082964	296.615210905	1.327505857
58	1085698	297.468837936	0.853627031
58	1093169	299.317178223	1.848340287
58	1103426	302.275731127	2.958552904
58	1113358	305.517741613	3.242010486
58	1127783	309.370986784	3.853245171
58	1128883	309.754100993	0.383114209
58	1132413	310.692689431	0.938588438
58	1141682	313.409010641	2.71632121
58	1145165	314.239408941	0.8303983
58	1148721	315.292103687	1.052694746
58	1149886	315.605993604	0.313889917
58	1158901	318.616654862	3.010661258
58	1159622	318.810831375	0.194176513
58	1168211	321.320711283	2.509879908
58	1168937	321.657648987	0.336937704
58	1168965	321.662685148	0.005036161
58	1169482	321.912484843	0.249799695
58	1198037	330.194349287	8.281864444
58	1205651	332.580024778	2.385675491
58	1212061	334.718108665	2.138083887
58	1215161	335.817122897	1.099014232
58	1220852	337.675739626	1.858616729
58	1229023	340.16095662	2.485216994
58	1236007	342.866586664	2.705630044
58	1252959	348.431975651	5.565388987
58	1258675	350.208547833	1.776572182
58	1265261	351.816257788	1.607709955
58	1266426	352.090560382	0.274302594
58	1268903	352.750886102	0.66032572
58	1281427	357.408708687	4.657822585
58	1312737	365.587597501	8.178888814
58	1313556	365.815168557	0.227571056
58	1316761	366.505417879	0.690249322
58	1326989	368.61897276	2.113554881
58	1361399	376.106884177	7.487911417
58	1363169	376.435816083	0.328931906
58	1375582	378.845833803	2.41001772
58	1375641	378.85678679	0.010952987
58	1385579	380.958471907	2.101685117
58	1388783	381.511939094	0.553467187
58	1402161	383.834890524	2.32295143
58	1411626	385.68025269	1.845362166
58	1426094	388.435451464	2.755198774
58	1436510	390.694085615	2.258634151
58	1441961	391.960780497	1.266694882
58	1498773	405.021086739	13.060306242
58	1502625	405.703609069	0.68252233
58	1505860	406.395002347	0.691393278
58	1509050	406.871895548	0.476893201
58	1511061	407.152428746	0.280533198
58	1523489	409.427944383	2.275515637
58	1529059	410.440086474	1.012142091
58	1533982	411.734182237	1.294095763
58	1544234	414.667237475	2.933055238
58	1550942	416.66004537	1.992807895
58	1551637	416.779896354	0.119850984
58	1552205	416.919613527	0.139717173
58	1573206	423.073910484	6.154296957
58	1584128	426.264905245	3.190994761
58	1585609	426.662814774	0.397909529
58	1594157	428.590599217	1.927784443
58	1594378	428.672165017	0.0815658
58	1604969	431.953353837	3.28118882
58	1605116	431.995852917	0.04249908
58	1606139	432.326812917	0.33096
58	1611620	433.791557163	1.464744246
58	1615601	435.302661036	1.511103873
58	1620458	436.586438933	1.283777897
58	1620847	436.696679133	0.1102402
58	1622512	437.241782231	0.545103098
58	1630948	439.356884304	2.115102073
58	1639132	441.692895977	2.336011673
58	1640417	442.069570095	0.376674118
58	1643726	442.945279224	0.875709129
58	1648714	444.078337231	1.133058007
58	1649239	444.208847378	0.130510147
58	1661991	447.561554991	3.352707613
58	1672877	450.64695944	3.085404449
58	1681612	453.087488444	2.440529004
58	1682245	453.236486702	0.148998258
58	1692708	456.666566769	3.430080067
58	1699558	458.647169317	1.980602548
58	1708403	461.456555635	2.809386318
58	1712551	462.821539193	1.364983558
58	1713146	462.973746179	0.152206986
58	1716523	463.834984941	0.861238762
58	1726693	466.768012901	2.93302796
58	1732717	468.61014013	1.842127229
58	1736072	469.77485732	1.16471719
58	1764662	478.403458589	8.628601269
58	1779995	482.897769897	4.494311308
58	1782994	483.652012925	0.754243028
58	1787200	484.518817804	0.866804879
58	1794606	486.189693931	1.670876127
58	1796214	486.513330675	0.323636744
58	1806819	488.972318413	2.458987738
58	1810346	489.632886848	0.660568435
58	1830926	494.61356345	4.980676602
58	1833902	495.448174531	0.834611081
58	1843210	497.172705648	1.724531117
58	1852989	499.310578319	2.137872671
58	1862214	501.249607258	1.939028939
58	1890122	506.914922178	5.66531492
58	1891170	507.079511164	0.164588986
58	1904589	509.344455157	2.264943993
58	1909419	510.593732695	1.249277538
58	1909695	510.686642466	0.092909771
58	1910629	510.947223677	0.260581211
58	1917701	512.432837049	1.485613372
58	1931627	515.54278964	3.109952591
58	1940805	517.543450231	2.000660591
58	1941252	517.625681283	0.082231052
58	1951343	519.77077803	2.145096747
58	1960490	521.551913831	1.781135801
58	1965095	522.654683174	1.102769343
58	1967746	523.31028564	0.655602466
58	1979786	525.909874523	2.599588883
58	1989229	527.779885789	1.870011266
58	1990727	527.981465673	0.201579884
58	1999674	529.342327965	1.360862292
58	2002127	529.862938517	0.520610552
58	2012870	532.057005803	2.194067286
58	2013270	532.158816731	0.101810928
58	2017286	533.139770206	0.980953475
58	2029024	536.506206479	3.366436273
58	2035881	538.971590469	2.46538399
58	2041701	540.576544147	1.604953678
58	2059542	546.392406607	5.81586246
58	2061577	546.976985179	0.584578572
58	2062624	547.177919952	0.200934773
58	2064494	547.715109733	0.537189781
58	2075773	550.232146972	2.517037239
58	2082707	552.038266537	1.806119565
58	2087371	553.335426335	1.297159798
58	2089462	553.992112807	0.656686472
58	2091436	554.586633129	0.594520322
58	2093474	555.120979529	0.5343464
58	2113394	560.830724167	5.709744638
58	2122437	563.353284432	2.522560265
58	2129763	565.334476292	1.98119186
58	2132192	565.999475522	0.66499923
58	2137825	567.41564426	1.416168738
58	2160339	573.661790589	6.246146329
58	2160458	573.698874734	0.037084145
58	2165831	575.374260459	1.675385725
58	2180610	580.331878664	4.957618205
58	2197922	586.130827596	5.798948932
58	2201444	587.340540356	1.20971276
58	2204245	588.178693648	0.838153292
58	2207049	588.801394383	0.622700735
58	2225450	593.589276301	4.787881918
58	2229062	595.085933881	1.49665758
58	2233271	596.111838569	1.025904688
58	2242869	599.316670514	3.204831945
58	2253805	602.339016425	3.022345911
58	2255048	602.668679962	0.329663537
58	2260263	603.911087576	1.242407614
58	2292945	611.357898075	7.446810499
58	2303879	613.687405694	2.329507619
58	2307834	614.498543175	0.811137481
58	2308724	614.748601804	0.250058629
58	2320230	617.262354927	2.513753123
58	2321612	617.62339774	0.361042813
58	2336419	621.116306675	3.492908935
58	2349478	624.000928273	2.884621598
58	2357094	625.638840385	1.637912112
58	2361981	626.523880366	0.885039981
58	2373514	628.340575222	1.816694856
58	2390174	631.683833945	3.343258723
58	2422451	638.398432986	6.714599041
58	2429182	639.71262877	1.314195784
58	2439975	642.450297597	2.737668827
58	2465675	648.227613146	5.777315549
58	2478631	650.847557727	2.619944581
58	2480039	651.172861968	0.325304241
58	2480100	651.185164334	0.012302366
58	2495404	655.117225397	3.932061063
58	2495803	655.228674155	0.111448758
58	2496787	655.448697314	0.220023159
58	2512799	660.080743804	4.63204649
58	2513295	660.216363082	0.135619278
58	2550499	670.26687866	10.050515578
58	2561522	672.855007147	2.588128487
58	2566827	674.588132066	1.733124919
58	2568749	675.044547874	0.456415808
58	2574288	676.301513545	1.256965671
58	2581358	678.470492785	2.16897924
58	2586653	679.788724571	1.318231786
58	2603714	684.459343183	4.670618612
58	2622191	689.999532928	5.540189745
58	2624626	690.813451202	0.813918274
58	2625440	691.093114008	0.279662806
58	2637793	694.198332235	3.105218227
58	2639289	694.644656078	0.446323843
58	2648868	696.501130168	1.85647409
58	2652247	697.590658218	1.08952805
58	2654286	698.420599269	0.829941051
58	2670006	703.926373343	5.505774074
58	2675422	705.838097921	1.911724578
58	2677659	706.523830666	0.685732745
58	2690509	709.834990805	3.311160139
58	2691107	710.07661528	0.241624475
58	2703274	713.72982434	3.65320906
58	2703715	713.858195188	0.128370848
58	2706871	714.848292754	0.990097566
58	2708223	715.286264103	0.437971349
58	2712219	716.256243644	0.969979541
58	2738102	723.706213294	7.44996965
58	2744600	725.267322328	1.561109034
58	2764026	729.698416652	4.431094324
58	2764693	729.846756203	0.148339551
58	2765407	729.996069138	0.149312935
58	2778143	732.186343073	2.190273935
58	2786777	734.024242167	1.837899094
58	2787687	734.186494866	0.162252699
58	2789475	734.576273787	0.389778921
58	2795969	735.843369957	1.26709617
58	2803115	737.216160682	1.372790725
58	2808181	738.22081178	1.004651098
58	2809836	738.591822011	0.371010231
58	2817842	740.131976086	1.540154075
58	2823899	741.630978858	1.499002772
58	2825656	742.099939523	0.468960665
58	2830762	743.232881741	1.132942218
58	2831414	743.363039725	0.130157984
58	2840728	744.984959127	1.621919402
58	2843366	745.408373912	0.423414785
58	2847815	746.18465462	0.776280708
58	2848118	746.239582482	0.054927862
58	2851071	746.819795436	0.580212954
58	2868685	749.628476685	2.808681249
58	2872070	750.465388776	0.836912091
58	2877401	751.642393804	1.177005028
58	2889286	753.809433196	2.167039392
58	2894481	754.759287916	0.94985472
58	2903573	756.427406155	1.668118239
58	2911329	758.080060745	1.65265459
58	2925546	761.260777181	3.180716436
58	2939501	764.585820121	3.32504294
58	2942688	765.47512627	0.889306149
58	2943395	765.644950928	0.169824658
58	2948108	766.721156824	1.076205896
58	2986429	775.405048867	8.683892043
58	2991036	776.582657219	1.177608352
58	2998291	778.598687746	2.016030527
58	2998636	778.691946461	0.093258715
58	3002519	779.594361116	0.902414655
58	3011315	781.494298304	1.899937188
58	3011608	781.590944343	0.096646039
58	3012492	781.90286386	0.311919517
58	3021757	785.219730025	3.316866165
58	3028045	787.072534572	1.852804547
58	3045496	791.578937411	4.506402839
58	3060322	795.703674017	4.124736606
58	3062146	796.100136567	0.39646255
58	3063875	796.473026599	0.372890032
58	3074226	798.759624404	2.286597805
58	3080284	800.746290615	1.986666211
58	3089397	803.123940469	2.377649854
58	3111171	808.637459009	5.51351854
58	3112755	809.010337188	0.372878179
58	3114022	809.427108436	0.416771248
58	3126178	813.226123991	3.799015555
58	3138536	817.121701804	3.895577813
58	3145757	819.356550838	2.234849034
58	3148906	820.29357751	0.937026672
58	3152144	821.538191611	1.244614101
58	3159835	823.97898701	2.440795399
58	3165974	825.884655987	1.905668977
58	3179599	829.40121603	3.516560043
58	3185766	830.753621401	1.352405371
58	3196307	833.150843612	2.397222211
58	3196957	833.322940768	0.172097156
58	3207250	836.611256189	3.288315421
58	3217318	839.976423105	3.365166916
58	3228191	843.126826596	3.150403491
58	3230039	843.600813179	0.473986583
58	3238115	845.181231794	1.580418615
58	3251797	848.218386082	3.037154288
58	3280484	854.378484149	6.160098067
58	3281829	854.706348357	0.327864208
58	3283642	855.150767423	0.444419066
58	3289624	856.133072247	0.982304824
58	3297534	857.889499798	1.756427551
58	3303991	859.196434461	1.306934663
58	3305030	859.407252992	0.210818531
58	3306580	859.737160424	0.329907432
58	3321174	862.219625818	2.482465394
58	3323792	862.644578427	0.424952609
58	3337735	865.545903015	2.901324588
58	3355838	868.681469464	3.135566449
58	3392913	877.259759602	8.578290138
58	3396568	878.152421653	0.892662051
58	3406111	880.231428744	2.079007091
58	3414726	882.371139469	2.139710725
58	3416199	882.714149633	0.343010164
58	3427785	885.148367822	2.434218189
58	3432917	886.328027257	1.179659435
58	3479287	896.877054684	10.549027427
58	3484090	898.425278109	1.548223425
58	3488877	899.762227726	1.336949617
58	3495646	901.401758133	1.639530407
58	3508389	904.829365438	3.427607305
58	3514950	906.787864995	1.958499557
58	3523313	908.638011779	1.850146784
58	3528957	910.209949829	1.57193805
58	3535245	911.728140471	1.518190642
58	3550179	915.99783998	4.269699509
58	3570631	921.521111376	5.523271396
58	3576548	923.359327992	1.838216616
58	3582346	924.700964106	1.341636114
58	3583987	925.140605959	0.439641853
58	3589986	926.873907587	1.733301628
58	3601758	929.93789893	3.063991343
58	3614338	933.197537386	3.259638456
58	3617116	934.180981126	0.98344374
58	3617583	934.305236224	0.124255098
58	3628059	936.777582942	2.472346718
58	3629492	937.214151327	0.436568385
58	3638636	940.137343276	2.923191949
58	3642681	941.35002492	1.212681644
58	3651044	943.969775928	2.619751008
58	3656607	945.585595164	1.615819236
58	3657637	945.879682253	0.294087089
58	3667314	948.139413211	2.259730958
58	3671020	949.183318286	1.043905075
58	3686943	953.475571441	4.292253155
58	3696263	956.472345505	2.996774064
58	3699447	957.311081065	0.83873556
58	3700669	957.730999622	0.419918557
58	3702977	958.472011096	0.741011474
58	3704783	958.889035684	0.417024588
58	3738236	966.842019272	7.952983588
58	3755107	970.250069	3.408049728
58	3755397	970.348228523	0.098159523
58	3761313	971.930460334	1.582231811
58	3762746	972.271318325	0.340857991
58	3765466	973.001959081	0.730640756
58	3771674	974.315917248	1.313958167
58	3774876	975.000299904	0.684382656
58	3798155	979.644216421	4.643916517
58	3803269	980.802799082	1.158582661
58	3806080	981.38985845	0.587059368
58	3814240	983.230433987	1.840575537
58	3819910	984.563467752	1.333033765
58	3847473	989.29637047	4.732902718
58	3855911	990.976567049	1.680196579
58	3857891	991.470839231	0.494272182
58	3862954	992.318642668	0.847803437
58	3866986	992.988323611	0.669680943
58	3869322	993.496535293	0.508211682
58	3895259	999.492343866	5.995808573
58	3905279	1001.717843716	2.22549985
58	3906394	1002.001180253	0.283336537
58	3908573	1002.604583026	0.603402773
58	3917411	1004.116006383	1.511423357
58	3917505	1004.13138616	0.015379777
58	3922192	1004.890577181	0.759191021
58	3924600	1005.342783193	0.452206012
58	3960720	1013.858848871	8.516065678
58	3966731	1015.1716923	1.312843429
58	3972783	1017.00775665	1.83606435
58	3974099	1017.4224136	0.41465695
58	3975689	1017.91051946	0.48810586
58	3978109	1018.403024712	0.492505252
58	3999346	1023.979707368	5.576682656
58	4018635	1028.188658601	4.208951233
58	4028003	1030.362469476	2.173810875
58	4033360	1031.476160285	1.113690809
58	4034023	1031.634884004	0.158723719
58	4035161	1031.86085936	0.225975356
58	4039116	1032.86537087	1.00451151
58	4039669	1032.981258098	0.115887228
58	4044386	1033.898485067	0.917226969
58	4045527	1034.175911859	0.277426792
58	4063982	1038.598558456	4.422646597
58	4070027	1040.330986347	1.732427891
58	4079931	1043.557108743	3.226122396
58	4086895	1045.098698702	1.541589959
58	4107362	1049.475644111	4.376945409
58	4132340	1056.57442633	7.098782219
58	4134185	1057.046857963	0.472431633
58	4135792	1057.557516488	0.510658525
58	4136423	1057.763445593	0.205929105
58	4146609	1060.315240501	2.551794908
58	4149421	1061.175322608	0.860082107
58	4151346	1061.733415378	0.55809277
58	4172364	1067.196497649	5.463082271
58	4179988	1069.129417622	1.932919973
58	4181274	1069.389963728	0.260546106
58	4185357	1070.452625485	1.062661757
58	4186534	1070.786282641	0.333657156
58	4201671	1074.141521245	3.355238604
58	4206193	1075.398225917	1.256704672
58	4208981	1076.144139035	0.745913118
58	4252822	1088.201214171	12.057075136
58	4255039	1088.630349602	0.429135431
58	4266263	1090.815325335	2.184975733
58	4271281	1092.032674242	1.217348907
58	4305261	1099.560458193	7.527783951
58	4306605	1099.987486244	0.427028051
58	4318356	1103.001043668	3.013557424
58	4325888	1104.755024921	1.753981253
58	4332708	1106.176534165	1.421509244
58	4338887	1107.303499775	1.12696561
58	4343105	1107.814498554	0.510998779
58	4343221	1107.829400869	0.014902315
58	4358434	1111.148447575	3.319046706
58	4359869	1111.534099132	0.385651557
58	4362957	1112.251716354	0.717617222
58	4378047	1115.010723808	2.759007454
58	4394647	1119.123300083	4.112576275
58	4420613	1125.112388908	5.989088825
58	4433829	1127.711660085	2.599271177
58	4435589	1128.133847935	0.42218785
58	4453558	1131.871829448	3.737981513
58	4482235	1140.790882011	8.919052563
58	4483092	1141.365412884	0.574530873
58	4483568	1141.638984529	0.273571645
58	4485909	1142.42476101	0.785776481
58	4486220	1142.517700551	0.092939541
58	4488869	1143.545017875	1.027317324
58	4492193	1144.629053206	1.084035331
59	511236	153.31294402	4.069284711
59	517524	154.558284382	1.245340362
59	535553	158.187750324	3.629465942
59	550990	161.219888764	3.03213844
59	554417	161.884193621	0.664304857
59	573545	165.72113581	3.836942189
59	617332	175.920318295	10.199182485
59	619021	176.489086759	0.568768464
59	625729	178.652808898	2.163722139
59	633032	180.615588945	1.962780047
59	634137	181.046926482	0.431337537
59	637601	182.112315713	1.065389231
59	640209	183.026954555	0.914638842
59	647684	184.812653382	1.785698827
59	649296	185.324136855	0.511483473
59	657185	187.693114919	2.368978064
59	658903	188.01316763	0.320052711
59	668146	190.413166536	2.399998906
59	682933	195.565235045	5.152068509
59	695973	199.765800555	4.20056551
59	702493	202.339321464	2.573520909
59	704405	203.170469828	0.831148364
59	706584	203.931020505	0.760550677
59	708355	204.294634821	0.363614316
59	712303	205.055713188	0.761078367
59	714117	205.506577083	0.450863895
59	718589	206.94897244	1.442395357
59	730324	211.045107348	4.096134908
59	732236	211.811868722	0.766761374
59	736365	213.499225774	1.687357052
59	740391	214.606968704	1.10774293
59	740864	214.800928019	0.193959315
59	746828	216.505749449	1.70482143
59	749833	217.504845626	0.999096177
59	757392	220.048214823	2.543369197
59	758812	220.639395756	0.591180933
59	761787	221.851637359	1.212241603
59	762115	221.945246269	0.09360891
59	762612	222.147814652	0.202568383
59	763939	222.625689431	0.477874779
59	765691	223.124297649	0.498608218
59	778395	226.735139174	3.610841525
59	778786	226.847867146	0.112727972
59	793099	231.087017568	4.239150422
59	802840	233.854116895	2.767099327
59	810783	236.448399576	2.594282681
59	812063	236.994221987	0.545822411
59	816154	238.754787755	1.760565768
59	816185	238.762054614	0.007266859
59	817943	239.345536698	0.583482084
59	820045	240.288328334	0.942791636
59	823370	241.228945349	0.940617015
59	824125	241.464730441	0.235785092
59	828192	242.369298164	0.904567723
59	829528	242.688016901	0.318718737
59	833021	243.440405793	0.752388892
59	847956	246.602720378	3.162314585
59	853250	247.817225949	1.214505571
59	882051	253.735926601	5.918700652
59	897206	256.617369045	2.881442444
59	901260	257.519055853	0.901686808
59	901303	257.52791654	0.008860687
59	908982	259.219375949	1.691459409
59	922593	262.109796587	2.890420638
59	941975	265.638797244	3.529000657
59	942785	265.768709265	0.129912021
59	958285	268.749362406	2.980653141
59	976135	272.565745215	3.816382809
59	993458	276.021130919	3.455385704
59	1000226	277.4050997	1.383968781
59	1000537	277.481626444	0.076526744
59	1008553	279.185635351	1.704008907
59	1013374	280.486314435	1.300679084
59	1039038	286.315279916	5.828965481
59	1062499	290.844962278	4.529682362
59	1072066	293.17690711	2.331944832
59	1073909	293.654226608	0.477319498
59	1082971	296.615210905	2.960984297
59	1083724	296.87405032	0.258839415
59	1085347	297.37051347	0.49646315
59	1088028	298.171526006	0.801012536
59	1102671	301.970090169	3.798564163
59	1103165	302.156744249	0.18665408
59	1114432	305.869611592	3.712867343
59	1117102	306.563018843	0.693407251
59	1121238	307.606514416	1.043495573
59	1126287	308.923346491	1.316832075
59	1141333	313.311543855	4.388197364
59	1141689	313.409010641	0.097466786
59	1142869	313.721610837	0.312600196
59	1163583	319.841134321	6.119523484
59	1164398	320.088492559	0.247358238
59	1164887	320.249120951	0.160628392
59	1174395	322.881812676	2.632691725
59	1175303	323.171456392	0.289643716
59	1179293	324.293131402	1.12167501
59	1204978	332.422829473	8.129698071
59	1206671	332.842725021	0.419895548
59	1212567	334.902429596	2.059704575
59	1217559	336.566272215	1.663842619
59	1220279	337.469973455	0.90370124
59	1223809	338.748960963	1.278987508
59	1241131	344.303191994	5.554231031
59	1245808	346.037026741	1.733834747
59	1247427	346.591361061	0.55433432
59	1252108	348.087461353	1.496100292
59	1257565	349.83515528	1.747693927
59	1260853	350.963257309	1.128102029
59	1266691	352.157203529	1.19394622
59	1269542	352.941865465	0.784661936
59	1270446	353.231606704	0.289741239
59	1273965	354.469122121	1.237515417
59	1275021	354.958041975	0.488919854
59	1278685	356.435017409	1.476975434
59	1281434	357.408708687	0.973691278
59	1282610	357.90518895	0.496480263
59	1298521	362.570500833	4.665311883
59	1309172	364.876991686	2.306490853
59	1314880	366.070246656	1.19325497
59	1336888	370.884075151	4.813828495
59	1346783	373.019062976	2.134987825
59	1361573	376.139112905	3.120049929
59	1365306	376.760714973	0.621602068
59	1370317	377.64432869	0.883613717
59	1431605	389.533082391	11.888753701
59	1438340	391.165202746	1.632120355
59	1445030	392.751254308	1.586051562
59	1447254	393.181189765	0.429935457
59	1450536	393.798530346	0.617340581
59	1452505	394.197421803	0.398891457
59	1458844	395.663397395	1.465975592
59	1459372	395.759544665	0.09614727
59	1459764	395.836165931	0.076621266
59	1466435	397.32446221	1.488296279
59	1470011	398.229939524	0.905477314
59	1482254	400.967018986	2.737079462
59	1499651	405.21529808	4.248279094
59	1513529	407.638927608	2.423629528
59	1534794	411.928821131	4.289893523
59	1537067	412.556375644	0.627554513
59	1543538	414.40285616	1.846480516
59	1547790	415.882960717	1.480104557
59	1551166	416.687677924	0.804717207
59	1551362	416.7176016	0.029923676
59	1569895	421.835285976	5.117684376
59	1583411	426.096297952	4.261011976
59	1587400	427.079207544	0.982909592
59	1595394	428.996312506	1.917104962
59	1598220	429.986364043	0.990051537
59	1598962	430.165508276	0.179144233
59	1609281	433.102979219	2.937470943
59	1613189	434.399385098	1.296405879
59	1616611	435.658784372	1.259399274
59	1620854	436.696679133	1.037894761
59	1622005	437.092072804	0.395393671
59	1627238	438.340009569	1.247936765
59	1627471	438.409375375	0.069365806
59	1633480	440.200180459	1.790805084
59	1637188	441.091738876	0.891558417
59	1649154	444.184936158	3.093197282
59	1649961	444.371051755	0.186115597
59	1671240	449.97356107	5.602509315
59	1675173	451.443585895	1.470024825
59	1679287	452.417513814	0.973927919
59	1696254	457.793138353	5.375624539
59	1698142	458.150332388	0.357194035
59	1703480	459.575564277	1.425231889
59	1706989	460.864030462	1.288466185
59	1707397	461.064420711	0.200390249
59	1707480	461.093158508	0.028737797
59	1708065	461.30415681	0.210998302
59	1714294	463.278608623	1.974451813
59	1716330	463.789792478	0.511183855
59	1718745	464.284884904	0.495092426
59	1733855	468.977504485	4.692619581
59	1734018	469.035178556	0.057674071
59	1737053	470.217012271	1.181833715
59	1746223	472.559763769	2.342751498
59	1752090	474.410945588	1.851181819
59	1753148	474.802504187	0.391558599
59	1755219	475.29654108	0.494036893
59	1763486	477.934071629	2.637530549
59	1765234	478.668221325	0.734149696
59	1769595	479.893482794	1.225261469
59	1780155	482.941036082	3.047553288
59	1785344	484.119696799	1.178660717
59	1800904	487.56563342	3.445936621
59	1803138	488.05407688	0.48844346
59	1811491	489.914629508	1.860552628
59	1821909	492.486181764	2.571552256
59	1848330	498.194115771	5.707934007
59	1855010	499.948839193	1.754723422
59	1855103	499.9717283	0.022889107
59	1875995	503.896930783	3.925202483
59	1881528	505.216015627	1.319084844
59	1883166	505.583040794	0.367025167
59	1887884	506.480185282	0.897144488
59	1890236	506.926646029	0.446460747
59	1902072	508.986725476	2.060079447
59	1905935	509.594485313	0.607759837
59	1920758	513.034710386	3.440225073
59	1930925	515.380169068	2.345458682
59	1944259	518.204711674	2.824542606
59	1944728	518.345233557	0.140521883
59	1946840	518.875123795	0.529890238
59	1951645	519.85005748	0.974933685
59	1958983	521.241732075	1.391674595
59	1969410	523.678330611	2.436598536
59	1972834	524.267377024	0.589046413
59	1976325	525.093607078	0.826230054
59	1979214	525.777830855	0.684223777
59	1984827	526.918212687	1.140381832
59	1993061	528.408264911	1.490052224
59	1995414	528.815600598	0.407335687
59	2014772	532.617140277	3.801539679
59	2017889	533.256540193	0.639399916
59	2018394	533.336464119	0.079923926
59	2020227	533.82433963	0.487875511
59	2028158	536.276114869	2.451775239
59	2040800	540.382329387	4.106214518
59	2049957	543.345564719	2.963235332
59	2052370	544.151486462	0.805921743
59	2052562	544.200672052	0.04918559
59	2072354	549.216682064	5.016010012
59	2079113	551.071366427	1.854684363
59	2094041	555.278934795	4.207568368
59	2101904	557.507803384	2.228868589
59	2102617	557.709519909	0.201716525
59	2102861	557.771648808	0.062128899
59	2115741	561.612065759	3.840416951
59	2132603	566.107748022	4.495682263
59	2133620	566.476806823	0.369058801
59	2135676	566.955525102	0.478718279
59	2161704	574.059706398	7.104181296
59	2162388	574.255515985	0.195809587
59	2177384	579.186619527	4.931103542
59	2181335	580.603989483	1.417369956
59	2182761	581.101275238	0.497285755
59	2208413	589.085854924	7.984579686
59	2215955	590.792135943	1.706281019
59	2216219	590.871421458	0.079285515
59	2222103	592.43680237	1.565380912
59	2226433	593.986056272	1.549253902
59	2228997	595.048883109	1.062826837
59	2229434	595.200182486	0.151299377
59	2254713	602.583536002	7.383353516
59	2258377	603.546088785	0.962552783
59	2262233	604.286585368	0.740496583
59	2265084	604.968719446	0.682134078
59	2266690	605.378694278	0.409974832
59	2273505	606.821895599	1.443201321
59	2274686	607.10427774	0.282382141
59	2285729	609.553326411	2.449048671
59	2288240	610.181058238	0.627731827
59	2315082	616.12244694	5.941388702
59	2327054	618.912188234	2.789741294
59	2328017	619.142928244	0.23074001
59	2329510	619.457517813	0.314589569
59	2333311	620.432945991	0.975428178
59	2363863	626.796153475	6.363207484
59	2387178	630.867310281	4.071156806
59	2387369	630.916255349	0.048945068
59	2422323	638.363040243	7.446784894
59	2430111	639.931731712	1.568691469
59	2444701	643.662888387	3.731156675
59	2449368	644.686793321	1.023904934
59	2461633	647.296579136	2.609785815
59	2490525	653.660301609	6.363722473
59	2492883	654.337560249	0.67725864
59	2504885	657.878753164	3.541192915
59	2507717	658.55379431	0.675041146
59	2511876	659.67084484	1.11705053
59	2515979	660.96133572	1.29049088
59	2532118	665.74419673	4.78286101
59	2532321	665.796836404	0.052639674
59	2538702	667.653592063	1.856755659
59	2550407	670.251973035	2.598380972
59	2563042	673.35245507	3.100482035
59	2565172	674.092215739	0.739760669
59	2565863	674.336554954	0.244339215
59	2566208	674.452156624	0.11560167
59	2574902	676.489614895	2.037458271
59	2605514	685.071611306	8.581996411
59	2606427	685.346762735	0.275151429
59	2609433	686.18684713	0.840084395
59	2620250	689.349148922	3.162301792
59	2622112	689.967867794	0.618718872
59	2623770	690.446339366	0.478471572
59	2626948	691.461230787	1.014891421
59	2635537	693.460059249	1.998828462
59	2639622	694.743471478	1.283412229
59	2655395	698.834903767	4.091432289
59	2657885	699.566180991	0.731277224
59	2664480	702.021705835	2.455524844
59	2670419	704.033439129	2.011733294
59	2681471	707.146501674	3.113062545
59	2683802	707.670052468	0.523550794
59	2698731	712.161179322	4.491126854
59	2698826	712.185818291	0.024638969
59	2702498	713.424372016	1.238553725
59	2713647	716.59893877	3.174566754
59	2717432	717.68084328	1.08190451
59	2728030	720.780115966	3.099272686
59	2743957	725.062464556	4.28234859
59	2769445	730.695008855	5.632544299
59	2773189	731.198082661	0.503073806
59	2784410	733.571128974	2.373046313
59	2784882	733.691799621	0.120670647
59	2806022	737.823327561	4.13152794
59	2817334	740.050420995	2.227093434
59	2820439	740.735127817	0.684706822
59	2826429	742.297382062	1.562254245
59	2826442	742.303739872	0.00635781
59	2831886	743.443280476	1.139540604
59	2842366	745.287930893	1.844650417
59	2855884	747.454686539	2.166755646
59	2872077	750.465388776	3.010702237
59	2875954	751.300730065	0.835341289
59	2898465	755.690654286	4.389924221
59	2898657	755.739005459	0.048351173
59	2903174	756.358160981	0.619155522
59	2913444	758.692502018	2.334341037
59	2928734	761.921621214	3.229119196
59	2930071	762.246892142	0.325270928
59	2942744	765.483863805	3.236971663
59	2956406	768.014683274	2.530819469
59	2960299	768.854329437	0.839646163
59	2968193	770.509656737	1.6553273
59	2984662	774.6850957	4.175438963
59	2986747	775.49583768	0.81074198
59	2992830	777.064819471	1.568981791
59	2993696	777.353306698	0.288487227
59	2996258	778.078139492	0.724832794
59	3001837	779.451363688	1.373224196
59	3014255	782.593363485	3.141999797
59	3021058	784.938993416	2.345629931
59	3030331	787.672421838	2.733428422
59	3034150	788.449557386	0.777135548
59	3034848	788.597351573	0.147794187
59	3047461	792.229197445	3.631845872
59	3056609	794.473573454	2.244376009
59	3065854	796.821582398	2.348008944
59	3067623	797.121356969	0.299774571
59	3093986	804.30407021	7.182713241
59	3122337	812.009720019	7.705649809
59	3123435	812.3499582	0.340238181
59	3132886	815.481614872	3.131656672
59	3133557	815.764331149	0.282716277
59	3133970	815.900851318	0.136520169
59	3138420	817.079523677	1.178672359
59	3139921	817.541902524	0.462378847
59	3158558	823.588143053	6.046240529
59	3165176	825.688341714	2.100198661
59	3168963	826.765814428	1.077472714
59	3171246	827.290674502	0.524860074
59	3183156	830.137711399	2.847036897
59	3187836	831.27581323	1.138101831
59	3205261	836.09016024	4.81434701
59	3209203	837.210615051	1.120454811
59	3216850	839.793864266	2.583249215
59	3219977	840.832942014	1.039077748
59	3274052	853.233112553	12.400170539
59	3295788	857.523409349	4.290296796
59	3299194	858.213606355	0.690197006
59	3299398	858.256340096	0.042733741
59	3306950	859.84995755	1.593617454
59	3321334	862.258083714	2.408126164
59	3337072	865.422714926	3.164631212
59	3338623	865.740533951	0.317819025
59	3343400	866.467121326	0.726587375
59	3347749	867.260782247	0.793660921
59	3352380	868.100647268	0.839865021
59	3355065	868.520059777	0.419412509
59	3371775	872.262525452	3.742465675
59	3373225	872.561923054	0.299397602
59	3378945	873.930434627	1.368511573
59	3380966	874.436040268	0.505605641
59	3383286	875.099920003	0.663879735
59	3383677	875.210032032	0.110112029
59	3385140	875.605920988	0.395888956
59	3397625	878.380743271	2.774822283
59	3405065	879.972581115	1.591837844
59	3413485	882.092730297	2.120149182
59	3417088	882.956138623	0.863408326
59	3429743	885.579826117	2.623687494
59	3458411	891.223921384	5.644095267
59	3465875	892.942371908	1.718450524
59	3482133	897.854695583	4.912323675
59	3483857	898.315178385	0.460482802
59	3484725	898.629437802	0.314259417
59	3488420	899.625033139	0.995595337
59	3496493	901.688823387	2.063790248
59	3514521	906.695744849	5.006921462
59	3518430	907.667228425	0.971483576
59	3526100	909.359519126	1.692290701
59	3540640	913.330503163	3.970984037
59	3580126	924.263935041	10.933431878
59	3584858	925.387303742	1.123368701
59	3593944	927.844728676	2.457424934
59	3615569	933.701540547	5.856811871
59	3624334	935.881263073	2.179722526
59	3628494	936.885275194	1.004012121
59	3639801	940.48603998	3.600764786
59	3640138	940.580164803	0.094124823
59	3659720	946.461292261	5.881127458
59	3669012	948.579372587	2.118080326
59	3671485	949.31481649	0.735443903
59	3679775	951.420909792	2.106093302
59	3680966	951.700101093	0.279191301
59	3681471	951.83042487	0.130323777
59	3682181	952.031912009	0.201487139
59	3690228	954.53196677	2.500054761
59	3692526	955.329327381	0.797360611
59	3695926	956.355460338	1.026132957
59	3699552	957.342001125	0.986540787
59	3699682	957.395969404	0.053968279
59	3723677	963.596755069	6.200785665
59	3724980	963.880139176	0.283384107
59	3730074	964.985452646	1.10531347
59	3733682	965.494035885	0.508583239
59	3736741	966.373224258	0.879188373
59	3742323	967.995442335	1.622218077
59	3745083	968.299199901	0.303757566
59	3766206	973.191513331	4.89231343
59	3780956	976.158582954	2.967069623
59	3807475	981.648998081	5.490415127
59	3807490	981.654193701	0.00519562
59	3808446	981.87640509	0.222211389
59	3860378	991.712404867	9.835999777
59	3880676	996.030656974	4.318252107
59	3886756	997.498103802	1.467446828
59	3890984	998.634837672	1.13673387
59	3891119	998.669091861	0.034254189
59	3899721	1000.41258806	1.743496199
59	3946659	1010.030750515	9.618162455
59	3958355	1013.188030069	3.157279554
59	3972209	1016.819312289	3.63128222
59	3973958	1017.364253539	0.54494125
59	3975974	1017.976458896	0.612205357
59	4018029	1028.052834287	10.076375391
59	4030797	1030.926335367	2.87350108
59	4045430	1034.145964793	3.219629426
59	4045436	1034.148172199	0.002207406
59	4048949	1034.957871157	0.809698958
59	4053978	1035.847451451	0.889580294
59	4056111	1036.385501817	0.538050366
59	4069192	1040.063492573	3.677990756
59	4069193	1040.063686798	0.000194225
59	4074729	1041.902301731	1.838614933
59	4078282	1042.970020642	1.067718911
59	4082103	1044.173387051	1.203366409
59	4096153	1046.833569365	2.660182314
59	4103701	1048.55856643	1.724997065
59	4109633	1050.276622959	1.718056529
59	4113744	1051.255626295	0.979003336
59	4122213	1053.741738955	2.48611266
59	4127823	1055.440293011	1.698554056
59	4130851	1056.270586664	0.830293653
59	4134777	1057.1978707	0.927284036
59	4144491	1059.693494433	2.495623733
59	4163210	1064.861540814	5.168046381
59	4164767	1065.242482784	0.38094197
59	4165921	1065.508540386	0.266057602
59	4175629	1068.206622403	2.698082017
59	4181516	1069.449544374	1.242921971
59	4183641	1069.993186446	0.543642072
59	4221982	1079.672379384	9.679192938
59	4232969	1082.816570352	3.144190968
59	4233449	1083.013266462	0.19669611
59	4235321	1083.66644596	0.653179498
59	4244839	1085.944522762	2.278076802
59	4246284	1086.506116802	0.56159404
59	4268761	1091.405996058	4.899879256
59	4291578	1096.285543368	4.87954731
59	4294571	1096.872886924	0.587343556
59	4312825	1101.439631745	4.566744821
59	4315420	1102.144391754	0.704760009
59	4315466	1102.160781119	0.016389365
59	4323189	1104.149743829	1.98896271
59	4343059	1107.809285765	3.659541936
59	4349623	1109.176417433	1.367131668
59	4352758	1109.824637802	0.648220369
59	4375075	1114.360751063	4.536113261
59	4401549	1120.414819943	6.05406888
59	4414496	1123.842842627	3.428022684
59	4421160	1125.230648644	1.387806017
59	4426062	1126.237537736	1.006889092
59	4432531	1127.407362158	1.169824422
59	4434525	1127.865308644	0.457946486
59	4452067	1131.544219225	3.678910581
59	4455073	1132.187229946	0.643010721
59	4463042	1134.184529564	1.997299618
59	4473514	1137.766922127	3.582392563
59	4482882	1141.242307773	3.475385646
59	4502644	1148.756713418	7.514405645
59	4503784	1149.252677363	0.495963945
