version 2
run ChordDht-5-20211202-15:14:01-10332
attr Lifetime 600s
attr configname ChordDht
attr datetime 20211202-15:14:01
attr experiment ChordDht
attr inifile configs.ini
attr iterationvars $Lifetime=600s
attr iterationvars2 "$Lifetime=600s, $repetition=0"
attr measurement $Lifetime=600s
attr network oversim.underlay.simpleunderlay.SimpleUnderlayNetwork
attr processid 10332
attr repetition 0
attr replication #0
attr resultdir results
attr runnumber 5
attr seedset 5

vector 31  SimpleUnderlayNetwork.globalObserver.globalStatistics  "GlobalNodeList: Number of nodes"  ETV
vector 32  SimpleUnderlayNetwork.globalObserver.globalStatistics  "GlobalDhtTestMap: Number of stored DHT entries"  ETV
vector 33  SimpleUnderlayNetwork.globalObserver.globalStatistics  "LifetimeChurn: Session Time"  ETV
vector 34  SimpleUnderlayNetwork.globalObserver.globalStatistics  "LifetimeChurn: Time between creates"  ETV
vector 35  SimpleUnderlayNetwork.globalObserver.globalStatistics  "LifetimeChurn: Time between deletes"  ETV
31	468879	150	502
31	652618	200	507
31	810587	250	506
31	1021598	300	498
31	1178981	350	507
31	1372938	400	499
31	1557984	450	493
31	1737705	500	494
31	1930580	550	503
31	2088543	600	488
31	2275475	650	485
31	2441839	700	498
31	2616162	750	495
31	2784945	800	495
31	2949671	850	494
31	3128037	900	499
31	3293278	950	490
31	3464380	1000	488
31	3636623	1050	494
31	3807113	1100	505
32	468880	150	727
32	512146	160	807
32	560330	170	905
32	592387	180	969
32	624189	190	1024
32	652619	200	1104
32	684027	210	1192
32	710827	220	1284
32	740218	230	1361
32	770841	240	1437
32	810588	250	1499
32	854956	260	1580
32	900167	270	1663
32	943195	280	1746
32	989471	290	1827
32	1021599	300	1901
32	1051039	310	1984
32	1083133	320	2049
32	1114751	330	2131
32	1144489	340	2206
32	1178982	350	2280
32	1210570	360	2346
32	1249174	370	2357
32	1290403	380	2353
32	1333380	390	2336
32	1372939	400	2332
32	1422422	410	2334
32	1459168	420	2347
32	1490048	430	2341
32	1525250	440	2348
32	1557985	450	2331
32	1589424	460	2333
32	1623126	470	2316
32	1655590	480	2322
32	1697286	490	2338
32	1737706	500	2332
32	1778002	510	2323
32	1819078	520	2314
32	1862259	530	2316
32	1898123	540	2331
32	1930581	550	2327
32	1962955	560	2330
32	1994631	570	2334
32	2024035	580	2329
32	2056479	590	2307
32	2088544	600	2320
32	2124342	610	2308
32	2163904	620	2316
32	2201313	630	2323
32	2237033	640	2319
32	2275476	650	2315
32	2307810	660	2302
32	2341384	670	2306
32	2374024	680	2308
32	2406879	690	2302
32	2441840	700	2294
32	2475984	710	2285
32	2508057	720	2285
32	2544815	730	2293
32	2579846	740	2300
32	2616163	750	2307
32	2651832	760	2294
32	2691979	770	2303
32	2723086	780	2294
32	2755313	790	2299
32	2784946	800	2306
32	2819540	810	2305
32	2849810	820	2292
32	2882164	830	2290
32	2912780	840	2273
32	2949672	850	2300
32	2983109	860	2291
32	3019899	870	2279
32	3056102	880	2291
32	3096513	890	2310
32	3128038	900	2295
32	3163852	910	2298
32	3193915	920	2294
32	3230688	930	2298
32	3258725	940	2305
32	3293279	950	2302
32	3324306	960	2312
32	3356927	970	2296
32	3393383	980	2293
32	3429431	990	2300
32	3464381	1000	2313
32	3502120	1010	2314
32	3533110	1020	2313
32	3568016	1030	2314
32	3601680	1040	2297
32	3636624	1050	2304
32	3668271	1060	2316
32	3701244	1070	2297
32	3734519	1080	2325
32	3769572	1090	2318
32	3807114	1100	2306
32	3850515	1110	2304
32	3886962	1120	2312
32	3921926	1130	2320
32	3949646	1140	2306
33	470269	150.311310344	262.501542652
33	471344	150.572268301	1564.325718401
33	472261	150.755771787	1705.308534891
33	472756	150.870854586	3.333427785
33	479705	152.495136521	954.201098215
33	479990	152.560322503	1493.364431575
33	486846	154.217596078	255.986891092
33	492232	155.534909288	146.730648182
33	492882	155.684033826	1041.654010367
33	497572	156.815098522	82.99384842
33	502167	157.917259153	1844.459580982
33	508327	159.306142245	11.995609734
33	514711	160.562018837	52.473587383
33	522209	162.059788031	235.741353926
33	531015	163.730468432	1208.635264006
33	534322	164.58727411	987.905114009
33	534893	164.733534135	471.558848342
33	542214	166.401605493	678.129734128
33	542841	166.500740928	282.43022233
33	544505	166.81682983	386.032218244
33	552841	168.509133991	422.4745665
33	558420	169.535653152	191.797918155
33	570520	173.155847903	150.633492103
33	574990	174.701500634	141.355786205
33	577853	175.751625096	71.971763127
33	577899	175.768167695	481.563554467
33	578143	175.92339214	42.849645665
33	579280	176.458235494	307.569821095
33	580547	176.731476969	247.857922287
33	581256	176.918989319	2060.185262969
33	585064	177.755667275	1039.761400719
33	586805	178.123365454	636.156058445
33	586984	178.158841235	319.259987004
33	593218	180.245435715	1567.774560593
33	606137	184.677047648	279.514154406
33	611763	186.164440588	18.746085691
33	612506	186.335109417	127.66547858
33	612697	186.390404296	13.439319733
33	614280	186.8277769	1622.006802347
33	615743	187.312555119	389.365333635
33	622866	189.52881418	470.317632603
33	625604	190.397539114	921.165505966
33	629315	191.842818555	279.075996678
33	630953	192.59418947	788.306462949
33	632108	193.004537013	0.229783718
33	633132	193.364504274	392.807875239
33	634837	194.067565525	175.222194025
33	642314	196.644419539	2530.94061702
33	650966	199.399437017	587.418316975
33	653696	200.383413242	1163.161371707
33	663931	203.675262006	2614.063056558
33	665497	204.018545898	1760.942256917
33	666754	204.454114908	885.112197063
33	672134	206.173383959	1170.328732238
33	672413	206.25943735	617.653883163
33	676320	207.351023759	38.720109062
33	678106	207.916524542	139.901627361
33	680948	208.903978068	50.088790887
33	684259	210.075035462	222.603880707
33	691143	212.427350939	568.905726415
33	696785	214.583701303	14.31825484
33	697665	214.854764953	635.280505165
33	705545	218.059235241	619.159126348
33	706287	218.365264016	87.572276826
33	715392	221.611755632	6.812312367
33	716690	222.110032082	279.843513372
33	719650	223.144562225	726.030541178
33	720186	223.305389831	3.809244561
33	725147	224.999979218	564.774714941
33	728150	225.831820679	146.374017853
33	740478	230.113287328	1339.291852215
33	741000	230.29917359	347.069871626
33	741611	230.445470535	88.632101648
33	742649	230.725764085	2613.424474221
33	747229	232.13616598	316.941235511
33	752565	234.235422304	138.738248528
33	752629	234.257623092	1605.151203596
33	757145	235.812290932	26.680336279
33	757391	235.910459222	149.857145844
33	758574	236.284039312	28.532819436
33	766274	238.541642532	753.777306331
33	768206	239.390341796	233.962721844
33	770085	239.79055437	1559.397609058
33	772052	240.34301358	36.590052929
33	772366	240.453064004	273.959066265
33	778021	242.07828522	499.88566136
33	788748	245.150916431	248.697018865
33	792024	246.002527271	146.726827547
33	792795	246.188534091	100.966392296
33	793045	246.251107438	1040.006094858
33	798932	247.260482654	1849.601349531
33	802099	247.834310466	1775.239265559
33	811396	250.195567621	33.190882103
33	824887	253.312424387	1118.784911964
33	826940	253.738885226	1641.934384387
33	829819	254.400553954	1539.461297156
33	830833	254.625484303	126.001020631
33	832050	254.904996672	675.810674367
33	833454	255.165523022	349.059959726
33	839762	256.402201146	1011.484582389
33	851311	259.114258555	273.200654538
33	853249	259.633062505	776.3624232
33	857723	260.447631031	334.86095042
33	858754	260.654282429	76.083539358
33	861398	261.215345367	322.105542517
33	867606	262.486996202	438.880649691
33	879672	265.360325317	976.608147536
33	880628	265.624904795	14.823612799
33	880738	265.644327163	21.158994023
33	881163	265.76719061	16.699359523
33	883014	266.108281328	96.109725926
33	888605	267.023913761	583.340515056
33	890074	267.264797195	277.866985164
33	899101	269.662072127	16.520324794
33	937298	278.626131728	35.660042738
33	938939	279.038857512	924.426738867
33	939918	279.305874506	260.463923206
33	942218	279.783994299	540.643958832
33	945984	280.64330589	376.96177163
33	954425	282.438606638	1888.646102543
33	960889	284.005141502	206.54766799
33	968767	285.830351431	1647.422819775
33	969914	286.123700307	1275.197237899
33	975502	287.106372993	554.332264262
33	979456	288.108951375	1051.13425312
33	993137	290.917679502	254.148552588
33	996003	291.829241857	190.693737038
33	1007231	295.932003914	125.768181305
33	1012759	297.804020765	722.384496013
33	1013191	297.910583161	823.298450619
33	1022105	300.208063629	28.471033266
33	1023492	300.699131716	1008.342803199
33	1024108	300.955413791	149.311860782
33	1024400	301.074192319	114.952846464
33	1033259	303.773685525	961.268625697
33	1037511	305.401874708	1479.164556763
33	1045805	308.119579833	117.447284782
33	1047941	308.990208237	605.982256132
33	1048215	309.110300445	507.744353267
33	1050247	309.680750234	1606.557441302
33	1054547	310.988698219	254.814582813
33	1057227	311.639436794	583.268760854
33	1059881	312.301691926	871.224288595
33	1060791	312.693027889	36.095756301
33	1066446	314.449495483	393.759868192
33	1067097	314.71019097	595.644472551
33	1069048	315.429251165	84.298613281
33	1074749	317.26248259	1484.333819694
33	1079391	318.755957956	691.649939482
33	1080005	318.909017272	266.96350063
33	1082445	319.710924989	615.437016327
33	1083510	320.132126715	1468.330084679
33	1083739	320.205835116	503.560074387
33	1087086	321.176479135	110.052648033
33	1089889	321.877053465	114.3590739
33	1093886	322.748895946	18.312346964
33	1106094	326.84715031	292.672544
33	1112649	329.174357718	1151.894131107
33	1119829	331.758438747	148.361371151
33	1122182	332.760719061	135.653373245
33	1126024	334.084032882	1.989561005
33	1129052	335.000685005	448.581747454
33	1133077	336.228020533	224.269383865
33	1134963	336.922401198	87.796149897
33	1136367	337.477053647	127.884397779
33	1137692	338.029335482	146.762273005
33	1139858	338.747837304	276.853917951
33	1146123	340.550657112	427.95086575
33	1147212	340.939457208	918.510426707
33	1149921	341.861232609	186.793924368
33	1154259	343.494380555	714.692861884
33	1155381	343.932421668	314.563022712
33	1158251	344.552673855	104.486604336
33	1159758	344.989080065	1064.850238177
33	1161631	345.581529972	387.00285083
33	1163331	346.210366387	1134.196990459
33	1166679	347.088952793	257.714376996
33	1168382	347.548156243	120.663439106
33	1168719	347.648784007	436.28199179
33	1170948	348.301374394	37.179979928
33	1172718	348.829077663	154.397149941
33	1175270	349.200520197	1072.191516963
33	1179036	350.023345255	1408.870807026
33	1186288	351.808868225	864.518340971
33	1194974	354.694350554	820.802683709
33	1198653	356.075716271	836.806728016
33	1207735	358.953219206	716.669232128
33	1222235	363.511375629	2.094243826
33	1236300	367.004766276	404.520079275
33	1238945	367.515786628	2.78330258
33	1239187	367.564054404	423.691480559
33	1251702	370.613332158	950.567839774
33	1263375	373.569878339	31.350204086
33	1264707	373.939673944	241.143083134
33	1268178	374.797021542	62.514302218
33	1284867	378.445439497	645.334612427
33	1287647	379.214114069	485.743388455
33	1288222	379.416777766	2144.332026363
33	1288774	379.565052826	694.032720657
33	1292446	380.397892244	55.820445656
33	1302291	382.56157855	60.972483424
33	1308646	384.463400658	1062.483599063
33	1310146	384.824321795	142.30061095
33	1313795	385.457592493	2048.17163242
33	1319749	386.42359672	608.918484952
33	1331358	389.379902257	331.673420826
33	1331922	389.56195907	2025.65973308
33	1334726	390.343315758	78.390828273
33	1338799	391.389585822	243.490940553
33	1351859	395.016642738	142.628864493
33	1360873	397.105189822	681.852509693
33	1363102	397.527543633	231.623738425
33	1364465	397.921078069	169.80949074
33	1366725	398.49319804	145.519538202
33	1369910	399.303474842	851.825303668
33	1372216	399.790259227	1655.568356564
33	1376709	400.835682882	524.644140286
33	1379223	401.341918291	421.197368636
33	1383817	402.198658286	1213.792846887
33	1391625	404.102729658	2465.719872894
33	1392388	404.258911358	369.988055916
33	1411072	407.780151873	112.211336511
33	1414624	408.553962152	290.517321216
33	1415437	408.771373886	129.76505875
33	1416887	409.156798471	1949.016871647
33	1425792	410.616400494	1827.865125203
33	1434093	412.954634733	53.944460719
33	1441854	414.996723516	106.866889894
33	1442169	415.109227654	202.727455193
33	1443868	415.732359583	234.834460305
33	1444720	416.061467679	234.211709357
33	1457371	419.444855136	9.02422023
33	1461302	420.70754084	693.199075894
33	1461436	420.735265118	129.767109536
33	1462475	421.022625133	1195.234703269
33	1466292	422.271554224	364.452142586
33	1470713	424.308347271	151.357130332
33	1474546	425.680135553	545.876645804
33	1474813	425.805437173	1290.538571098
33	1480335	427.396074516	141.317390375
33	1483727	428.208681791	247.641478989
33	1484119	428.323537467	265.395375533
33	1485020	428.584695328	477.408617173
33	1491496	430.348043021	513.98400768
33	1494189	431.071084518	3356.529095697
33	1497453	432.126295047	170.063954581
33	1504856	434.270380164	518.718478367
33	1517042	437.925652385	1566.738651266
33	1519797	438.524033952	169.681354045
33	1529492	441.300149787	867.532662873
33	1537486	443.582016188	132.305390242
33	1539231	444.24535256	778.742471045
33	1543718	445.514614672	16.568181831
33	1550894	447.649268866	267.437106892
33	1555463	449.275467842	752.906392144
33	1555981	449.434735437	12.361292343
33	1566638	452.64569611	350.992604181
33	1567839	453.008814689	1062.855765494
33	1569941	453.582050993	139.569723869
33	1576452	455.880601854	102.871287451
33	1580535	457.350174774	188.307245277
33	1581549	457.812496934	917.644527647
33	1582304	458.145696163	1270.760701838
33	1587292	459.407750882	1377.959356238
33	1587856	459.597394464	222.887392242
33	1594650	461.280504837	1953.751679314
33	1599649	462.799946932	1916.046444538
33	1609949	465.638748045	225.491887661
33	1610085	465.679441165	428.430045918
33	1611222	466.14047389	355.799324976
33	1615174	467.155191848	633.83012522
33	1617632	468.010414804	25.902317769
33	1619322	468.661868111	507.58813536
33	1620435	469.120419696	1574.476593686
33	1627139	471.062128044	58.877026216
33	1627354	471.155432968	1401.34055345
33	1630671	472.482536597	465.370615211
33	1631624	472.817296709	178.242335603
33	1637505	474.923947628	16.540347322
33	1638430	475.275122049	1617.833077499
33	1640386	475.967616369	869.169851069
33	1641238	476.335602764	120.888333509
33	1644036	476.988122594	418.15606786
33	1646774	477.989651644	89.596270734
33	1646859	478.015388782	1717.20978464
33	1647131	478.115344144	482.551431015
33	1650910	478.860923749	720.733542534
33	1654883	479.865139613	2176.152661342
33	1658043	480.462646396	806.195938649
33	1658336	480.541633043	273.468441185
33	1659002	480.736783336	174.874874534
33	1660112	480.944347194	994.217546144
33	1670788	483.839754021	942.82683912
33	1672691	484.214360997	327.088680278
33	1678633	485.911668448	185.712726862
33	1689372	488.200684728	35.000171245
33	1694219	489.30488318	418.165880492
33	1696105	489.833898599	175.545858511
33	1697592	490.026026489	53.22119175
33	1720726	495.610863415	18.756543563
33	1725665	497.016398379	263.867722265
33	1725934	497.102788292	127.624759669
33	1738024	500.111879304	1229.660443002
33	1743237	501.251853993	210.881644356
33	1743593	501.321816096	357.248543821
33	1745335	501.73232605	172.998732733
33	1749597	502.732185248	1287.929836187
33	1758814	505.090733924	1784.036108378
33	1759189	505.171421817	1274.43551097
33	1760408	505.398726095	1270.611385302
33	1770679	507.728212693	317.216801522
33	1772410	508.321514121	13.611986958
33	1776588	509.523492931	352.783700349
33	1782383	511.025907966	421.110164695
33	1788753	512.22439109	420.103151146
33	1792275	513.243952602	70.183877102
33	1794651	513.914261142	1571.50583827
33	1797686	514.569997463	278.313030875
33	1799330	514.972081289	344.742263259
33	1800783	515.34360091	778.114927532
33	1807793	516.931712477	1589.126900959
33	1814251	518.650115327	855.213274546
33	1817497	519.494213428	823.218768249
33	1823674	521.055625993	223.219491906
33	1825705	521.463279088	291.206214658
33	1828709	522.246934657	64.478633517
33	1828826	522.287456065	323.242414092
33	1838156	524.590707722	250.567248751
33	1842799	525.819520565	728.987269878
33	1842897	525.836002567	1204.435100682
33	1842952	525.849569383	28.295567221
33	1848739	526.961155844	264.255356695
33	1854521	528.332633475	772.415023694
33	1855303	528.540293123	487.243014273
33	1859421	529.368836621	214.130719902
33	1861927	529.91214639	484.679421519
33	1865651	530.730226095	250.420376734
33	1867522	531.150100378	325.294926205
33	1891573	538.276888339	84.985114163
33	1894093	538.883078853	605.007815282
33	1897403	539.712948535	35.222222149
33	1911405	544.414452356	1993.385075208
33	1917550	546.196423712	1036.33982698
33	1919981	546.950749997	13.920087112
33	1923957	547.864682711	864.151781471
33	1933826	550.939821098	1719.386185043
33	1935172	551.350905685	390.839597813
33	1947240	555.53657727	219.57701121
33	1965134	560.66834855	2122.225348163
33	1974459	563.215903589	1723.653558356
33	1975682	563.702428316	516.767177766
33	1975965	563.843239144	30.749171493
33	1976203	563.94037465	210.608023118
33	1977917	564.617485812	242.885463243
33	1985341	566.762231404	164.337634455
33	1994599	569.985829717	1291.030022857
33	1998300	571.038553363	634.585057012
33	2000171	571.755252415	693.975165674
33	2007992	574.67312231	36.884788685
33	2008307	574.79219677	1903.771856274
33	2008644	574.963519203	505.427960161
33	2010326	575.587155643	155.124398769
33	2014561	577.067910933	373.968469757
33	2015282	577.337588146	422.374008997
33	2019082	578.549700043	379.331389363
33	2019670	578.695544559	132.308625512
33	2020722	579.037264733	330.162835723
33	2026195	580.721360894	629.47510226
33	2032256	582.2179685	2623.516710179
33	2034024	582.767851496	94.561437955
33	2034374	582.887068052	919.133607537
33	2039583	584.866327286	361.346758864
33	2041652	585.637596201	639.299384882
33	2046231	586.750295337	1223.629362463
33	2060798	591.206531988	17.851950559
33	2067850	593.519234075	1165.923909046
33	2069884	593.978461694	161.697608751
33	2072268	594.800918923	3160.524095547
33	2082025	597.654220412	340.102132987
33	2091176	600.800164614	226.595346448
33	2095567	601.789548422	234.464347958
33	2096062	601.942906721	274.187974707
33	2099159	602.71807396	418.382360689
33	2117366	607.793351748	881.6299729
33	2129814	611.312026225	431.817334048
33	2132853	612.133332463	1370.395623263
33	2140193	614.167202868	399.039414864
33	2142907	614.812958096	377.289980993
33	2145685	615.394262949	58.221303818
33	2154006	617.308879607	84.240367349
33	2160444	618.831575531	406.053293254
33	2163055	619.796710477	884.076826159
33	2165108	620.419839129	115.870762074
33	2169265	621.337270809	315.930428863
33	2176157	622.939063616	33.132171246
33	2183335	625.25470097	475.536959361
33	2193596	627.417373802	651.687400799
33	2194599	627.760000571	1066.510144031
33	2200207	629.576171039	144.082588623
33	2202195	630.358300754	251.390551986
33	2210269	632.906722297	61.970545468
33	2215328	634.123052088	300.532966029
33	2217569	634.668463115	786.301461633
33	2218329	634.986057675	57.423640474
33	2234631	639.308185641	189.935235177
33	2235403	639.457364406	631.855337876
33	2235977	639.593944799	632.23203515
33	2243565	641.527603975	901.693359892
33	2248245	642.813772775	778.11584782
33	2248791	642.968127364	416.070566133
33	2255244	644.671653587	99.616087914
33	2259809	645.922623947	171.666849594
33	2270321	648.780293972	155.293722397
33	2280594	651.275790044	374.37025912
33	2281664	651.500795171	482.028290585
33	2282425	651.7010334	108.655503406
33	2284077	652.077425395	1659.039389293
33	2284265	652.112827564	760.604159234
33	2284495	652.159935369	249.912948753
33	2291824	654.31073699	1603.007943086
33	2291862	654.327447275	4082.58458485
33	2294806	655.451348327	1245.499658269
33	2310772	661.064573812	13.975480932
33	2311878	661.314629096	2430.313456688
33	2315393	662.253291087	243.126448073
33	2316164	662.438895859	555.833749482
33	2316852	662.64946138	1016.23874955
33	2319775	663.673528836	177.008557608
33	2325396	665.097715256	272.075444764
33	2331496	667.015838432	2003.180996553
33	2333563	667.658613372	807.657194717
33	2336997	668.716148907	912.741739085
33	2337932	668.984894689	152.479113223
33	2338287	669.088661824	575.364454309
33	2345016	671.256587543	52.024306419
33	2345413	671.382267663	1368.135931283
33	2346507	671.748802573	351.624604183
33	2353617	674.103704192	294.923961008
33	2353988	674.217335432	205.856289168
33	2354147	674.269020907	279.843682858
33	2354380	674.375438347	265.769730211
33	2366000	677.965410016	357.029508085
33	2366671	678.173791329	563.300182919
33	2368357	678.437834351	332.803631531
33	2371711	679.273928795	1098.256857435
33	2372964	679.649354428	1300.994932415
33	2380232	681.92193353	1258.937094592
33	2382717	682.629813157	129.141334512
33	2382783	682.651576461	588.11333814
33	2383185	682.7705047	616.440834289
33	2388919	684.530472252	907.603201954
33	2389391	684.764218519	448.356426586
33	2389566	684.835248809	191.83067403
33	2390957	685.342072888	1363.876976978
33	2391624	685.503769141	470.958080353
33	2392524	685.786193906	699.224022795
33	2401008	688.111568016	98.724372469
33	2407170	690.125127073	1325.199146632
33	2411817	691.334312881	21.815889012
33	2428733	696.630491799	40.353482666
33	2432783	697.827739102	713.843292732
33	2433102	697.892415177	48.354526481
33	2436254	698.777746189	1626.723832967
33	2436589	698.836077851	512.60239781
33	2439571	699.623372267	630.039545401
33	2440056	699.683618923	658.481505143
33	2445245	700.999969027	188.968325872
33	2453301	703.439826473	446.293397648
33	2453506	703.509659116	858.671719607
33	2458551	705.023786618	209.438592421
33	2460679	705.536744813	527.932730774
33	2467210	707.510976366	34.780004819
33	2473922	709.40921073	1278.634052246
33	2475636	709.874225563	973.20055978
33	2476499	710.152228683	82.134189536
33	2482193	711.469511694	11.489514383
33	2482711	711.577864386	132.386600703
33	2491429	714.464371779	1078.921968782
33	2494800	715.652111366	125.863109071
33	2497887	716.512277198	415.585365895
33	2505484	719.117612526	180.593224518
33	2505908	719.240967586	103.988166163
33	2508463	720.094955851	640.937393007
33	2511077	720.906563669	1047.477735579
33	2517102	722.68086177	173.157126675
33	2526458	725.052847576	1006.53540018
33	2527460	725.335988728	582.916910645
33	2528001	725.467853856	189.66143674
33	2539552	728.57882555	1272.769235526
33	2539623	728.600653457	188.150347928
33	2541742	729.213567222	386.809058825
33	2559569	734.1963274	133.585822608
33	2560542	734.476802657	494.014971824
33	2560720	734.535292478	1262.783152348
33	2567148	736.380928113	1252.877108167
33	2568860	736.810670571	592.698682102
33	2581900	740.61054176	62.75955027
33	2590244	742.718060073	98.019604423
33	2591388	743.190174293	391.573962046
33	2598042	745.39111454	267.22197716
33	2607914	747.805768682	651.362580351
33	2609720	748.387986016	970.082699205
33	2610457	748.556628539	1633.387556085
33	2611889	748.966398877	229.37845638
33	2614031	749.516890773	3075.943826199
33	2615884	749.909008107	950.843805811
33	2619414	750.875015559	692.21492503
33	2620126	751.097815686	50.412227321
33	2622257	751.673530953	48.280125515
33	2625451	752.542277079	531.576118671
33	2627682	753.157085381	500.033424353
33	2627747	753.175176577	97.876908933
33	2635800	755.519946282	1918.881925526
33	2639910	756.534932901	241.377794706
33	2642029	757.069775271	618.004516486
33	2645281	757.992129722	814.86629233
33	2650835	759.5966445	48.380516817
33	2658041	761.460085098	128.321940482
33	2662349	762.399484854	170.75784682
33	2669400	764.154299767	202.566389806
33	2673522	765.218515964	220.652805196
33	2679028	766.677569293	1500.99263169
33	2680300	767.061487443	1452.97009403
33	2680621	767.154822777	157.51152387
33	2680732	767.197354662	99.491250627
33	2681275	767.360243326	296.436369849
33	2690421	769.555559549	233.858219842
33	2692856	770.322967489	1625.251186736
33	2693170	770.401292224	591.821229653
33	2694278	770.718728454	686.141134889
33	2706455	774.164766941	496.156996884
33	2711030	776.139486145	153.299349661
33	2712995	776.839013821	330.831922955
33	2715380	777.655966768	400.455391602
33	2718431	778.716071316	1114.561214568
33	2738387	784.956003998	384.137215806
33	2747623	787.642620138	139.195032743
33	2747865	787.707688816	581.335889199
33	2754216	789.568922723	650.389724949
33	2756235	790.336878092	278.415384874
33	2756997	790.598396309	969.248417175
33	2767148	794.131290729	350.593935339
33	2767655	794.402238788	713.345899823
33	2767832	794.467236746	111.576096566
33	2768123	794.592182614	1458.270249513
33	2768860	794.894593378	910.939879622
33	2769158	795.044953529	293.329752782
33	2772462	796.101726659	691.043030393
33	2776595	797.365175907	71.697539556
33	2776917	797.485071445	439.862702198
33	2783192	799.417637883	284.00037985
33	2795929	802.937666036	342.429264504
33	2796631	803.18508398	2.49207707
33	2801780	804.279637633	48.082083906
33	2802406	804.537267681	465.951080495
33	2803992	805.111931346	100.980860533
33	2804500	805.288604295	135.707342369
33	2805956	805.66791947	3221.314609223
33	2809668	806.627329617	763.356614565
33	2822821	811.168338964	639.415798966
33	2823585	811.552043959	1028.409867185
33	2823832	811.645756468	709.230154167
33	2827036	812.916618752	79.77279503
33	2827983	813.230001619	147.182127129
33	2830784	814.53679503	440.843813543
33	2831938	815.06806512	1155.55872796
33	2834233	815.50394242	2475.012079736
33	2837886	816.449636749	1417.327462196
33	2840962	817.367599713	298.737569264
33	2848355	819.460928199	222.332320476
33	2857897	822.628297742	691.135282927
33	2858860	823.18504414	494.991754812
33	2858918	823.220600463	356.074886823
33	2860806	823.836287984	1868.124654667
33	2875818	827.810732021	398.429048612
33	2876435	828.091210687	158.52257061
33	2876718	828.223851493	154.749055504
33	2878614	828.925708424	1736.492368824
33	2878813	828.972448392	486.264417007
33	2879941	829.317432056	89.052512361
33	2880103	829.360713651	218.445547457
33	2894212	834.123460566	186.611296297
33	2901224	836.326789592	1098.364057017
33	2903032	836.918096077	991.520524485
33	2907725	838.662565761	52.12695756
33	2911789	839.772463042	549.668245758
33	2912474	839.95235644	168.833927894
33	2927505	843.781152286	1946.09671377
33	2945668	848.903015991	49.836688184
33	2949087	849.887360226	139.583937191
33	2949558	849.982099636	15.891088464
33	2952522	850.680729613	928.356901296
33	2957594	852.21557146	354.693188562
33	2958291	852.463965953	158.124575249
33	2964312	854.224219842	1504.889086523
33	2968734	855.444788511	811.334505851
33	2977942	858.201704929	286.396398873
33	2979946	858.836041876	1182.027307479
33	2981128	859.26691912	1713.951579
33	2982935	859.954272937	1209.50138829
33	2984683	860.466310923	42.318172741
33	2987898	861.258479483	10.856629471
33	2992216	862.08434349	803.440895547
33	2993892	862.582274782	104.562476104
33	2994902	862.935347195	1168.153544037
33	2998094	864.034682856	905.792280956
33	2999755	864.625870476	855.58830251
33	3003526	865.864694044	221.65495323
33	3006977	866.611484139	1832.786576232
33	3007863	866.78481258	115.375059798
33	3008486	866.906074589	649.338526157
33	3022374	870.80097242	138.410603791
33	3027288	872.078558436	321.444166488
33	3028133	872.314524834	61.048031408
33	3033720	873.863021354	1092.541214511
33	3039212	875.406897213	251.867467761
33	3041372	875.944605037	552.494751948
33	3047699	877.407621441	146.934076821
33	3054048	879.234536784	304.273319049
33	3055363	879.684981662	437.718183673
33	3055488	879.738077043	1148.800388824
33	3055521	879.747235078	2701.410585385
33	3064542	882.039531417	322.421534763
33	3074042	884.323383616	428.16569955
33	3077604	885.343146648	934.69794879
33	3077710	885.370121126	54.373541423
33	3080212	886.132293541	30.263876136
33	3083005	886.821526662	57.445415055
33	3084611	887.215655632	1257.379821182
33	3102438	891.72234593	943.461975767
33	3103713	892.135166566	94.32649467
33	3105864	892.766043425	1028.640678092
33	3108660	893.591238913	359.645317851
33	3111997	894.842373055	168.37583983
33	3114589	895.57001533	231.404185065
33	3118069	896.802765874	257.759630611
33	3122550	898.400539758	5.057928921
33	3129240	900.295797585	1909.147279201
33	3132302	901.363201819	463.723222637
33	3132580	901.460928907	187.34674675
33	3132625	901.471027585	179.395359834
33	3140287	903.3123397	72.797862328
33	3140996	903.605336419	351.722516674
33	3142113	903.961835237	35.977443621
33	3146617	905.415000856	2819.20329271
33	3161737	909.361339465	247.973784381
33	3163068	909.714542925	93.982809172
33	3174780	913.859818063	180.462504026
33	3175543	914.147683064	52.882483026
33	3184663	916.97640616	732.181469024
33	3185615	917.302127046	103.406005596
33	3190130	918.603941948	2321.889425043
33	3190980	918.827470038	811.058033358
33	3195470	920.508793451	173.832308233
33	3203789	922.867072705	1096.49348732
33	3206520	923.77778397	653.123224713
33	3206854	923.841943813	726.946301223
33	3208470	924.214968657	205.287224096
33	3210025	924.722609393	618.771742984
33	3211260	924.884036123	181.503788636
33	3216076	925.707429041	1083.100296846
33	3221075	927.116260602	486.617817227
33	3222331	927.602088618	24.245223831
33	3222357	927.606128413	808.198251777
33	3222374	927.606948977	186.008190446
33	3222751	927.771109916	3123.110289911
33	3226202	928.77845818	1207.04373623
33	3233175	930.865300588	576.89223413
33	3240889	933.997677435	185.133673958
33	3251263	937.556046354	317.68686735
33	3253809	938.429986838	31.008390377
33	3256078	939.117563121	1003.36180065
33	3259366	940.252987438	773.02039597
33	3264846	941.968501542	192.290304318
33	3265000	942.034516602	1036.162855792
33	3266581	942.356106219	190.028188444
33	3269192	943.346405914	826.417031032
33	3279091	945.874900086	193.098608323
33	3285300	947.762148172	1022.578801752
33	3285499	947.831049894	2508.324134274
33	3295399	950.711551072	271.663447374
33	3297929	951.61876666	58.005004094
33	3302228	953.319839196	2200.110101553
33	3307638	955.234644758	569.677285106
33	3312802	956.755202905	981.339096925
33	3313027	956.845798285	337.40881434
33	3313137	956.880578013	24.863599806
33	3318534	958.369833384	182.892468814
33	3322491	959.602735735	28.084924924
33	3330303	961.762217478	137.110693517
33	3331144	961.984166911	2662.014874697
33	3340223	964.430301282	704.554253943
33	3345106	966.018546243	704.648796142
33	3350637	967.578265741	720.691437533
33	3351261	967.780879678	980.366468488
33	3353139	968.365840559	235.920682341
33	3353282	968.399724495	713.874966876
33	3357179	970.092618762	132.740217272
33	3361037	971.303479101	838.386145477
33	3369232	973.592229294	1372.307695689
33	3370383	974.035773593	1226.977398757
33	3372592	974.627107677	1906.189243573
33	3375046	975.290773009	272.395783992
33	3376183	975.559007777	848.043011086
33	3387107	978.269168558	161.469258274
33	3391178	979.265683633	53.529276809
33	3392620	979.717645382	1141.546303239
33	3398697	981.536977339	573.163206745
33	3402713	982.476747621	321.030172241
33	3404438	983.114163518	13.940338472
33	3405779	983.529827635	140.253949407
33	3408969	984.446347217	647.404388082
33	3411571	985.355641701	1410.908551578
33	3419985	987.242155137	2742.059861784
33	3430059	990.282137244	259.836495665
33	3431055	990.61711839	1055.585165187
33	3440570	993.28130514	1570.202175475
33	3452623	996.781003614	376.972851995
33	3452694	996.803128322	14.722932962
33	3464219	999.955917955	1761.752397427
33	3467477	1000.794494601	537.164922861
33	3472139	1002.208915794	750.698222558
33	3478360	1003.928828082	1637.296196875
33	3480895	1004.575371895	190.840129092
33	3481382	1004.766076259	24.783620649
33	3481511	1004.82377714	2918.153582236
33	3481810	1004.912758603	755.99194095
33	3484869	1005.451353261	74.575470612
33	3488233	1006.216981946	411.926570081
33	3495497	1008.332647237	278.895336218
33	3496687	1008.692858693	34.452938837
33	3500865	1009.604292195	1010.791075726
33	3505094	1010.881399178	1480.669181653
33	3506326	1011.244337463	1394.990339957
33	3507412	1011.611510322	81.486018013
33	3507982	1011.814693087	107.270033992
33	3509770	1012.38779921	306.752322868
33	3516725	1014.865764853	258.987430227
33	3517783	1015.283687016	98.591835053
33	3523412	1017.317620835	149.519229687
33	3523569	1017.348826206	673.073175049
33	3529371	1018.982757344	83.763040096
33	3532652	1019.882136465	846.171588302
33	3533007	1019.969833875	1916.203947142
33	3539113	1021.770743365	2928.009319331
33	3547237	1024.53529592	220.998285978
33	3548066	1024.911543915	425.094828589
33	3550266	1025.640237613	429.504127989
33	3554366	1026.642935675	709.649309986
33	3560886	1028.046298992	472.293924938
33	3562989	1028.662252645	220.466718329
33	3565071	1029.059519543	534.125206776
33	3571127	1031.024244501	68.017068375
33	3577760	1032.976119702	755.788876761
33	3584895	1035.516574716	29.45479448
33	3595985	1038.569196909	165.757336666
33	3597813	1039.051993322	840.969732867
33	3609472	1042.048166755	308.398803251
33	3611582	1042.612294114	9.590039022
33	3614091	1043.33732635	135.64837465
33	3616059	1043.902150455	233.814505305
33	3617948	1044.414300611	1873.742679625
33	3619212	1044.899171826	20.149536709
33	3627754	1047.431859412	593.815090177
33	3643663	1052.425289544	213.199114641
33	3646726	1053.500880082	162.77648055
33	3653454	1055.76772637	45.824435374
33	3659935	1057.618724437	799.917238564
33	3664486	1059.031984477	118.969166399
33	3666407	1059.552647617	688.81061077
33	3673617	1061.640960941	332.095893375
33	3674244	1061.888348374	121.607871711
33	3683164	1064.396522092	1378.966971769
33	3683226	1064.409590381	281.195411703
33	3691919	1067.159804495	807.111649956
33	3691977	1067.177409442	190.207808854
33	3696415	1068.453678495	65.402396386
33	3699019	1069.156939582	1123.963158444
33	3702442	1070.41535835	254.378796308
33	3709530	1072.515037086	299.598880163
33	3710263	1072.775552523	122.159809796
33	3713141	1073.530144164	145.162255624
33	3714553	1073.792395482	177.857240027
33	3714659	1073.822842026	69.835560729
33	3715530	1074.150735996	78.391114189
33	3718406	1075.069332476	47.046541233
33	3720257	1075.73276581	206.298701138
33	3727118	1078.203456823	167.200397738
33	3728936	1078.88324959	130.404718973
33	3735459	1080.265302627	286.711516135
33	3739946	1081.579090861	1401.300445245
33	3741248	1081.967660204	370.619938863
33	3743952	1082.975958329	1221.079555001
33	3744856	1083.263530651	326.248610062
33	3747731	1083.923887602	274.767002644
33	3751294	1084.636978782	625.234175508
33	3764435	1088.259074481	1269.553478893
33	3765517	1088.699720756	186.361751424
33	3769655	1090.017340554	379.203947525
33	3777328	1092.178246802	947.229702174
33	3787434	1094.765039946	1504.707054129
33	3792945	1096.275614677	946.63584772
33	3794252	1096.608016343	49.931923272
33	3795609	1097.032132029	733.955936187
33	3796351	1097.254240428	464.126364964
33	3796475	1097.281574929	367.015339786
33	3799225	1098.04091187	424.490794068
33	3805351	1099.526977264	445.577825693
33	3806853	1099.94414215	109.89051029
33	3810381	1100.769886492	44.50663338
33	3835537	1106.555356674	614.235990521
33	3837063	1106.883390499	10.811672174
33	3840353	1107.803809173	48.299901491
33	3843903	1108.777826844	434.867081365
33	3850172	1109.898946358	62.467065423
33	3850916	1110.149726462	531.339973756
33	3852017	1110.480004967	127.736093956
33	3861790	1112.498264655	616.290468594
33	3861848	1112.516545363	463.04024812
33	3862704	1112.796239585	174.654831212
33	3866767	1114.309828125	238.561852062
33	3867666	1114.731566368	2252.746434726
33	3871099	1115.784960817	717.208841664
33	3873970	1116.530737226	604.003624071
33	3879094	1118.01593802	441.653494513
33	3882616	1119.028412027	34.716898662
33	3884415	1119.529524865	222.031653033
33	3888738	1120.498180531	209.89746802
33	3893446	1121.897183893	638.773349434
33	3901249	1123.974895038	104.845094394
33	3903313	1124.529528835	362.184256812
33	3904050	1124.807355882	1054.119374674
33	3918698	1129.02548721	32.963916065
33	3934253	1133.805472167	83.238933682
33	3934880	1134.046614969	444.51018618
33	3941463	1136.578171557	302.242036786
33	3945757	1138.562531431	2405.785649567
33	3948313	1139.504209271	2139.507488407
33	3948509	1139.571556617	66.242915917
33	3958646	1144.111195791	1303.262634805
33	3961743	1145.420468778	1196.364369781
33	3962374	1145.682731614	1097.007218707
33	3966348	1146.890539351	307.035920185
33	3966449	1146.916354247	37.096692608
33	3967889	1147.469964572	995.996857792
34	470269	150.311310344	1.051780784
34	471344	150.572268301	0.260957957
34	472261	150.755771787	0.183503486
34	472756	150.870854586	0.115082799
34	479705	152.495136521	1.624281935
34	479990	152.560322503	0.065185982
34	486846	154.217596078	1.657273575
34	492232	155.534909288	1.31731321
34	492882	155.684033826	0.149124538
34	497572	156.815098522	1.131064696
34	502167	157.917259153	1.102160631
34	508327	159.306142245	1.388883092
34	514711	160.562018837	1.255876592
34	522209	162.059788031	1.497769194
34	531015	163.730468432	1.670680401
34	534322	164.58727411	0.856805678
34	534893	164.733534135	0.146260025
34	542214	166.401605493	1.668071358
34	542841	166.500740928	0.099135435
34	544505	166.81682983	0.316088902
34	552841	168.509133991	1.692304161
34	558420	169.535653152	1.026519161
34	570520	173.155847903	3.620194751
34	574990	174.701500634	1.545652731
34	577853	175.751625096	1.050124462
34	577899	175.768167695	0.016542599
34	578143	175.92339214	0.155224445
34	579280	176.458235494	0.534843354
34	580547	176.731476969	0.273241475
34	581256	176.918989319	0.18751235
34	585064	177.755667275	0.836677956
34	586805	178.123365454	0.367698179
34	586984	178.158841235	0.035475781
34	593218	180.245435715	2.08659448
34	606137	184.677047648	4.431611933
34	611763	186.164440588	1.48739294
34	612506	186.335109417	0.170668829
34	612697	186.390404296	0.055294879
34	614280	186.8277769	0.437372604
34	615743	187.312555119	0.484778219
34	622866	189.52881418	2.216259061
34	625604	190.397539114	0.868724934
34	629315	191.842818555	1.445279441
34	630953	192.59418947	0.751370915
34	632108	193.004537013	0.410347543
34	633132	193.364504274	0.359967261
34	634837	194.067565525	0.703061251
34	642314	196.644419539	2.576854014
34	650966	199.399437017	2.755017478
34	653696	200.383413242	0.983976225
34	663931	203.675262006	3.291848764
34	665497	204.018545898	0.343283892
34	666754	204.454114908	0.43556901
34	672134	206.173383959	1.719269051
34	672413	206.25943735	0.086053391
34	676320	207.351023759	1.091586409
34	678106	207.916524542	0.565500783
34	680948	208.903978068	0.987453526
34	684259	210.075035462	1.171057394
34	691143	212.427350939	2.352315477
34	696785	214.583701303	2.156350364
34	697665	214.854764953	0.27106365
34	705545	218.059235241	3.204470288
34	706287	218.365264016	0.306028775
34	715392	221.611755632	3.246491616
34	716690	222.110032082	0.49827645
34	719650	223.144562225	1.034530143
34	720186	223.305389831	0.160827606
34	725147	224.999979218	1.694589387
34	728150	225.831820679	0.831841461
34	740478	230.113287328	4.281466649
34	741000	230.29917359	0.185886262
34	741611	230.445470535	0.146296945
34	742649	230.725764085	0.28029355
34	747229	232.13616598	1.410401895
34	752565	234.235422304	2.099256324
34	752629	234.257623092	0.022200788
34	757145	235.812290932	1.55466784
34	757391	235.910459222	0.09816829
34	758574	236.284039312	0.37358009
34	766274	238.541642532	2.25760322
34	768206	239.390341796	0.848699264
34	770085	239.79055437	0.400212574
34	772052	240.34301358	0.55245921
34	772366	240.453064004	0.110050424
34	778021	242.07828522	1.625221216
34	788748	245.150916431	3.072631211
34	792024	246.002527271	0.85161084
34	792795	246.188534091	0.18600682
34	793045	246.251107438	0.062573347
34	798932	247.260482654	1.009375216
34	802099	247.834310466	0.573827812
34	811396	250.195567621	2.361257155
34	824887	253.312424387	3.116856766
34	826940	253.738885226	0.426460839
34	829819	254.400553954	0.661668728
34	830833	254.625484303	0.224930349
34	832050	254.904996672	0.279512369
34	833454	255.165523022	0.26052635
34	839762	256.402201146	1.236678124
34	851311	259.114258555	2.712057409
34	853249	259.633062505	0.51880395
34	857723	260.447631031	0.814568526
34	858754	260.654282429	0.206651398
34	861398	261.215345367	0.561062938
34	867606	262.486996202	1.271650835
34	879672	265.360325317	2.873329115
34	880628	265.624904795	0.264579478
34	880738	265.644327163	0.019422368
34	881163	265.76719061	0.122863447
34	883014	266.108281328	0.341090718
34	888605	267.023913761	0.915632433
34	890074	267.264797195	0.240883434
34	899101	269.662072127	2.397274932
34	937298	278.626131728	8.964059601
34	938939	279.038857512	0.412725784
34	939918	279.305874506	0.267016994
34	942218	279.783994299	0.478119793
34	945984	280.64330589	0.859311591
34	954425	282.438606638	1.795300748
34	960889	284.005141502	1.566534864
34	968767	285.830351431	1.825209929
34	969914	286.123700307	0.293348876
34	975502	287.106372993	0.982672686
34	979456	288.108951375	1.002578382
34	993137	290.917679502	2.808728127
34	996003	291.829241857	0.911562355
34	1007231	295.932003914	4.102762057
34	1012759	297.804020765	1.872016851
34	1013191	297.910583161	0.106562396
34	1022105	300.208063629	2.297480468
34	1023492	300.699131716	0.491068087
34	1024108	300.955413791	0.256282075
34	1024400	301.074192319	0.118778528
34	1033259	303.773685525	2.699493206
34	1037511	305.401874708	1.628189183
34	1045805	308.119579833	2.717705125
34	1047941	308.990208237	0.870628404
34	1048215	309.110300445	0.120092208
34	1050247	309.680750234	0.570449789
34	1054547	310.988698219	1.307947985
34	1057227	311.639436794	0.650738575
34	1059881	312.301691926	0.662255132
34	1060791	312.693027889	0.391335963
34	1066446	314.449495483	1.756467594
34	1067097	314.71019097	0.260695487
34	1069048	315.429251165	0.719060195
34	1074749	317.26248259	1.833231425
34	1079391	318.755957956	1.493475366
34	1080005	318.909017272	0.153059316
34	1082445	319.710924989	0.801907717
34	1083510	320.132126715	0.421201726
34	1083739	320.205835116	0.073708401
34	1087086	321.176479135	0.970644019
34	1089889	321.877053465	0.70057433
34	1093886	322.748895946	0.871842481
34	1106094	326.84715031	4.098254364
34	1112649	329.174357718	2.327207408
34	1119829	331.758438747	2.584081029
34	1122182	332.760719061	1.002280314
34	1126024	334.084032882	1.323313821
34	1129052	335.000685005	0.916652123
34	1133077	336.228020533	1.227335528
34	1134963	336.922401198	0.694380665
34	1136367	337.477053647	0.554652449
34	1137692	338.029335482	0.552281835
34	1139858	338.747837304	0.718501822
34	1146123	340.550657112	1.802819808
34	1147212	340.939457208	0.388800096
34	1149921	341.861232609	0.921775401
34	1154259	343.494380555	1.633147946
34	1155381	343.932421668	0.438041113
34	1158251	344.552673855	0.620252187
34	1159758	344.989080065	0.43640621
34	1161631	345.581529972	0.592449907
34	1163331	346.210366387	0.628836415
34	1166679	347.088952793	0.878586406
34	1168382	347.548156243	0.45920345
34	1168719	347.648784007	0.100627764
34	1170948	348.301374394	0.652590387
34	1172718	348.829077663	0.527703269
34	1175270	349.200520197	0.371442534
34	1179036	350.023345255	0.822825058
34	1186288	351.808868225	1.78552297
34	1194974	354.694350554	2.885482329
34	1198653	356.075716271	1.381365717
34	1207735	358.953219206	2.877502935
34	1222235	363.511375629	4.558156423
34	1236300	367.004766276	3.493390647
34	1238945	367.515786628	0.511020352
34	1239187	367.564054404	0.048267776
34	1251702	370.613332158	3.049277754
34	1263375	373.569878339	2.956546181
34	1264707	373.939673944	0.369795605
34	1268178	374.797021542	0.857347598
34	1284867	378.445439497	3.648417955
34	1287647	379.214114069	0.768674572
34	1288222	379.416777766	0.202663697
34	1288774	379.565052826	0.14827506
34	1292446	380.397892244	0.832839418
34	1302291	382.56157855	2.163686306
34	1308646	384.463400658	1.901822108
34	1310146	384.824321795	0.360921137
34	1313795	385.457592493	0.633270698
34	1319749	386.42359672	0.966004227
34	1331358	389.379902257	2.956305537
34	1331922	389.56195907	0.182056813
34	1334726	390.343315758	0.781356688
34	1338799	391.389585822	1.046270064
34	1351859	395.016642738	3.627056916
34	1360873	397.105189822	2.088547084
34	1363102	397.527543633	0.422353811
34	1364465	397.921078069	0.393534436
34	1366725	398.49319804	0.572119971
34	1369910	399.303474842	0.810276802
34	1372216	399.790259227	0.486784385
34	1376709	400.835682882	1.045423655
34	1379223	401.341918291	0.506235409
34	1383817	402.198658286	0.856739995
34	1391625	404.102729658	1.904071372
34	1392388	404.258911358	0.1561817
34	1411072	407.780151873	3.521240515
34	1414624	408.553962152	0.773810279
34	1415437	408.771373886	0.217411734
34	1416887	409.156798471	0.385424585
34	1425792	410.616400494	1.459602023
34	1434093	412.954634733	2.338234239
34	1441854	414.996723516	2.042088783
34	1442169	415.109227654	0.112504138
34	1443868	415.732359583	0.623131929
34	1444720	416.061467679	0.329108096
34	1457371	419.444855136	3.383387457
34	1461302	420.70754084	1.262685704
34	1461436	420.735265118	0.027724278
34	1462475	421.022625133	0.287360015
34	1466292	422.271554224	1.248929091
34	1470713	424.308347271	2.036793047
34	1474546	425.680135553	1.371788282
34	1474813	425.805437173	0.12530162
34	1480335	427.396074516	1.590637343
34	1483727	428.208681791	0.812607275
34	1484119	428.323537467	0.114855676
34	1485020	428.584695328	0.261157861
34	1491496	430.348043021	1.763347693
34	1494189	431.071084518	0.723041497
34	1497453	432.126295047	1.055210529
34	1504856	434.270380164	2.144085117
34	1517042	437.925652385	3.655272221
34	1519797	438.524033952	0.598381567
34	1529492	441.300149787	2.776115835
34	1537486	443.582016188	2.281866401
34	1539231	444.24535256	0.663336372
34	1543718	445.514614672	1.269262112
34	1550894	447.649268866	2.134654194
34	1555463	449.275467842	1.626198976
34	1555981	449.434735437	0.159267595
34	1566638	452.64569611	3.210960673
34	1567839	453.008814689	0.363118579
34	1569941	453.582050993	0.573236304
34	1576452	455.880601854	2.298550861
34	1580535	457.350174774	1.46957292
34	1581549	457.812496934	0.46232216
34	1582304	458.145696163	0.333199229
34	1587292	459.407750882	1.262054719
34	1587856	459.597394464	0.189643582
34	1594650	461.280504837	1.683110373
34	1599649	462.799946932	1.519442095
34	1609949	465.638748045	2.838801113
34	1610085	465.679441165	0.04069312
34	1611222	466.14047389	0.461032725
34	1615174	467.155191848	1.014717958
34	1617632	468.010414804	0.855222956
34	1619322	468.661868111	0.651453307
34	1620435	469.120419696	0.458551585
34	1627139	471.062128044	1.941708348
34	1627354	471.155432968	0.093304924
34	1630671	472.482536597	1.327103629
34	1631624	472.817296709	0.334760112
34	1637505	474.923947628	2.106650919
34	1638430	475.275122049	0.351174421
34	1640386	475.967616369	0.69249432
34	1641238	476.335602764	0.367986395
34	1644036	476.988122594	0.65251983
34	1646774	477.989651644	1.00152905
34	1646859	478.015388782	0.025737138
34	1647131	478.115344144	0.099955362
34	1650910	478.860923749	0.745579605
34	1654883	479.865139613	1.004215864
34	1658043	480.462646396	0.597506783
34	1658336	480.541633043	0.078986647
34	1659002	480.736783336	0.195150293
34	1660112	480.944347194	0.207563858
34	1670788	483.839754021	2.895406827
34	1672691	484.214360997	0.374606976
34	1678633	485.911668448	1.697307451
34	1689372	488.200684728	2.28901628
34	1694219	489.30488318	1.104198452
34	1696105	489.833898599	0.529015419
34	1697592	490.026026489	0.19212789
34	1720726	495.610863415	5.584836926
34	1725665	497.016398379	1.405534964
34	1725934	497.102788292	0.086389913
34	1738024	500.111879304	3.009091012
34	1743237	501.251853993	1.139974689
34	1743593	501.321816096	0.069962103
34	1745335	501.73232605	0.410509954
34	1749597	502.732185248	0.999859198
34	1758814	505.090733924	2.358548676
34	1759189	505.171421817	0.080687893
34	1760408	505.398726095	0.227304278
34	1770679	507.728212693	2.329486598
34	1772410	508.321514121	0.593301428
34	1776588	509.523492931	1.20197881
34	1782383	511.025907966	1.502415035
34	1788753	512.22439109	1.198483124
34	1792275	513.243952602	1.019561512
34	1794651	513.914261142	0.67030854
34	1797686	514.569997463	0.655736321
34	1799330	514.972081289	0.402083826
34	1800783	515.34360091	0.371519621
34	1807793	516.931712477	1.588111567
34	1814251	518.650115327	1.71840285
34	1817497	519.494213428	0.844098101
34	1823674	521.055625993	1.561412565
34	1825705	521.463279088	0.407653095
34	1828709	522.246934657	0.783655569
34	1828826	522.287456065	0.040521408
34	1838156	524.590707722	2.303251657
34	1842799	525.819520565	1.228812843
34	1842897	525.836002567	0.016482002
34	1842952	525.849569383	0.013566816
34	1848739	526.961155844	1.111586461
34	1854521	528.332633475	1.371477631
34	1855303	528.540293123	0.207659648
34	1859421	529.368836621	0.828543498
34	1861927	529.91214639	0.543309769
34	1865651	530.730226095	0.818079705
34	1867522	531.150100378	0.419874283
34	1891573	538.276888339	7.126787961
34	1894093	538.883078853	0.606190514
34	1897403	539.712948535	0.829869682
34	1911405	544.414452356	4.701503821
34	1917550	546.196423712	1.781971356
34	1919981	546.950749997	0.754326285
34	1923957	547.864682711	0.913932714
34	1933826	550.939821098	3.075138387
34	1935172	551.350905685	0.411084587
34	1947240	555.53657727	4.185671585
34	1965134	560.66834855	5.13177128
34	1974459	563.215903589	2.547555039
34	1975682	563.702428316	0.486524727
34	1975965	563.843239144	0.140810828
34	1976203	563.94037465	0.097135506
34	1977917	564.617485812	0.677111162
34	1985341	566.762231404	2.144745592
34	1994599	569.985829717	3.223598313
34	1998300	571.038553363	1.052723646
34	2000171	571.755252415	0.716699052
34	2007992	574.67312231	2.917869895
34	2008307	574.79219677	0.11907446
34	2008644	574.963519203	0.171322433
34	2010326	575.587155643	0.62363644
34	2014561	577.067910933	1.48075529
34	2015282	577.337588146	0.269677213
34	2019082	578.549700043	1.212111897
34	2019670	578.695544559	0.145844516
34	2020722	579.037264733	0.341720174
34	2026195	580.721360894	1.684096161
34	2032256	582.2179685	1.496607606
34	2034024	582.767851496	0.549882996
34	2034374	582.887068052	0.119216556
34	2039583	584.866327286	1.979259234
34	2041652	585.637596201	0.771268915
34	2046231	586.750295337	1.112699136
34	2060798	591.206531988	4.456236651
34	2067850	593.519234075	2.312702087
34	2069884	593.978461694	0.459227619
34	2072268	594.800918923	0.822457229
34	2082025	597.654220412	2.853301489
34	2091176	600.800164614	3.145944202
34	2095567	601.789548422	0.989383808
34	2096062	601.942906721	0.153358299
34	2099159	602.71807396	0.775167239
34	2117366	607.793351748	5.075277788
34	2129814	611.312026225	3.518674477
34	2132853	612.133332463	0.821306238
34	2140193	614.167202868	2.033870405
34	2142907	614.812958096	0.645755228
34	2145685	615.394262949	0.581304853
34	2154006	617.308879607	1.914616658
34	2160444	618.831575531	1.522695924
34	2163055	619.796710477	0.965134946
34	2165108	620.419839129	0.623128652
34	2169265	621.337270809	0.91743168
34	2176157	622.939063616	1.601792807
34	2183335	625.25470097	2.315637354
34	2193596	627.417373802	2.162672832
34	2194599	627.760000571	0.342626769
34	2200207	629.576171039	1.816170468
34	2202195	630.358300754	0.782129715
34	2210269	632.906722297	2.548421543
34	2215328	634.123052088	1.216329791
34	2217569	634.668463115	0.545411027
34	2218329	634.986057675	0.31759456
34	2234631	639.308185641	4.322127966
34	2235403	639.457364406	0.149178765
34	2235977	639.593944799	0.136580393
34	2243565	641.527603975	1.933659176
34	2248245	642.813772775	1.2861688
34	2248791	642.968127364	0.154354589
34	2255244	644.671653587	1.703526223
34	2259809	645.922623947	1.25097036
34	2270321	648.780293972	2.857670025
34	2280594	651.275790044	2.495496072
34	2281664	651.500795171	0.225005127
34	2282425	651.7010334	0.200238229
34	2284077	652.077425395	0.376391995
34	2284265	652.112827564	0.035402169
34	2284495	652.159935369	0.047107805
34	2291824	654.31073699	2.150801621
34	2291862	654.327447275	0.016710285
34	2294806	655.451348327	1.123901052
34	2310772	661.064573812	5.613225485
34	2311878	661.314629096	0.250055284
34	2315393	662.253291087	0.938661991
34	2316164	662.438895859	0.185604772
34	2316852	662.64946138	0.210565521
34	2319775	663.673528836	1.024067456
34	2325396	665.097715256	1.42418642
34	2331496	667.015838432	1.918123176
34	2333563	667.658613372	0.64277494
34	2336997	668.716148907	1.057535535
34	2337932	668.984894689	0.268745782
34	2338287	669.088661824	0.103767135
34	2345016	671.256587543	2.167925719
34	2345413	671.382267663	0.12568012
34	2346507	671.748802573	0.36653491
34	2353617	674.103704192	2.354901619
34	2353988	674.217335432	0.11363124
34	2354147	674.269020907	0.051685475
34	2354380	674.375438347	0.10641744
34	2366000	677.965410016	3.589971669
34	2366671	678.173791329	0.208381313
34	2368357	678.437834351	0.264043022
34	2371711	679.273928795	0.836094444
34	2372964	679.649354428	0.375425633
34	2380232	681.92193353	2.272579102
34	2382717	682.629813157	0.707879627
34	2382783	682.651576461	0.021763304
34	2383185	682.7705047	0.118928239
34	2388919	684.530472252	1.759967552
34	2389391	684.764218519	0.233746267
34	2389566	684.835248809	0.07103029
34	2390957	685.342072888	0.506824079
34	2391624	685.503769141	0.161696253
34	2392524	685.786193906	0.282424765
34	2401008	688.111568016	2.32537411
34	2407170	690.125127073	2.013559057
34	2411817	691.334312881	1.209185808
34	2428733	696.630491799	5.296178918
34	2432783	697.827739102	1.197247303
34	2433102	697.892415177	0.064676075
34	2436254	698.777746189	0.885331012
34	2436589	698.836077851	0.058331662
34	2439571	699.623372267	0.787294416
34	2440056	699.683618923	0.060246656
34	2445245	700.999969027	1.316350104
34	2453301	703.439826473	2.439857446
34	2453506	703.509659116	0.069832643
34	2458551	705.023786618	1.514127502
34	2460679	705.536744813	0.512958195
34	2467210	707.510976366	1.974231553
34	2473922	709.40921073	1.898234364
34	2475636	709.874225563	0.465014833
34	2476499	710.152228683	0.27800312
34	2482193	711.469511694	1.317283011
34	2482711	711.577864386	0.108352692
34	2491429	714.464371779	2.886507393
34	2494800	715.652111366	1.187739587
34	2497887	716.512277198	0.860165832
34	2505484	719.117612526	2.605335328
34	2505908	719.240967586	0.12335506
34	2508463	720.094955851	0.853988265
34	2511077	720.906563669	0.811607818
34	2517102	722.68086177	1.774298101
34	2526458	725.052847576	2.371985806
34	2527460	725.335988728	0.283141152
34	2528001	725.467853856	0.131865128
34	2539552	728.57882555	3.110971694
34	2539623	728.600653457	0.021827907
34	2541742	729.213567222	0.612913765
34	2559569	734.1963274	4.982760178
34	2560542	734.476802657	0.280475257
34	2560720	734.535292478	0.058489821
34	2567148	736.380928113	1.845635635
34	2568860	736.810670571	0.429742458
34	2581900	740.61054176	3.799871189
34	2590244	742.718060073	2.107518313
34	2591388	743.190174293	0.47211422
34	2598042	745.39111454	2.200940247
34	2607914	747.805768682	2.414654142
34	2609720	748.387986016	0.582217334
34	2610457	748.556628539	0.168642523
34	2611889	748.966398877	0.409770338
34	2614031	749.516890773	0.550491896
34	2615884	749.909008107	0.392117334
34	2619414	750.875015559	0.966007452
34	2620126	751.097815686	0.222800127
34	2622257	751.673530953	0.575715267
34	2625451	752.542277079	0.868746126
34	2627682	753.157085381	0.614808302
34	2627747	753.175176577	0.018091196
34	2635800	755.519946282	2.344769705
34	2639910	756.534932901	1.014986619
34	2642029	757.069775271	0.53484237
34	2645281	757.992129722	0.922354451
34	2650835	759.5966445	1.604514778
34	2658041	761.460085098	1.863440598
34	2662349	762.399484854	0.939399756
34	2669400	764.154299767	1.754814913
34	2673522	765.218515964	1.064216197
34	2679028	766.677569293	1.459053329
34	2680300	767.061487443	0.38391815
34	2680621	767.154822777	0.093335334
34	2680732	767.197354662	0.042531885
34	2681275	767.360243326	0.162888664
34	2690421	769.555559549	2.195316223
34	2692856	770.322967489	0.76740794
34	2693170	770.401292224	0.078324735
34	2694278	770.718728454	0.31743623
34	2706455	774.164766941	3.446038487
34	2711030	776.139486145	1.974719204
34	2712995	776.839013821	0.699527676
34	2715380	777.655966768	0.816952947
34	2718431	778.716071316	1.060104548
34	2738387	784.956003998	6.239932682
34	2747623	787.642620138	2.68661614
34	2747865	787.707688816	0.065068678
34	2754216	789.568922723	1.861233907
34	2756235	790.336878092	0.767955369
34	2756997	790.598396309	0.261518217
34	2767148	794.131290729	3.53289442
34	2767655	794.402238788	0.270948059
34	2767832	794.467236746	0.064997958
34	2768123	794.592182614	0.124945868
34	2768860	794.894593378	0.302410764
34	2769158	795.044953529	0.150360151
34	2772462	796.101726659	1.05677313
34	2776595	797.365175907	1.263449248
34	2776917	797.485071445	0.119895538
34	2783192	799.417637883	1.932566438
34	2795929	802.937666036	3.520028153
34	2796631	803.18508398	0.247417944
34	2801780	804.279637633	1.094553653
34	2802406	804.537267681	0.257630048
34	2803992	805.111931346	0.574663665
34	2804500	805.288604295	0.176672949
34	2805956	805.66791947	0.379315175
34	2809668	806.627329617	0.959410147
34	2822821	811.168338964	4.541009347
34	2823585	811.552043959	0.383704995
34	2823832	811.645756468	0.093712509
34	2827036	812.916618752	1.270862284
34	2827983	813.230001619	0.313382867
34	2830784	814.53679503	1.306793411
34	2831938	815.06806512	0.53127009
34	2834233	815.50394242	0.4358773
34	2837886	816.449636749	0.945694329
34	2840962	817.367599713	0.917962964
34	2848355	819.460928199	2.093328486
34	2857897	822.628297742	3.167369543
34	2858860	823.18504414	0.556746398
34	2858918	823.220600463	0.035556323
34	2860806	823.836287984	0.615687521
34	2875818	827.810732021	3.974444037
34	2876435	828.091210687	0.280478666
34	2876718	828.223851493	0.132640806
34	2878614	828.925708424	0.701856931
34	2878813	828.972448392	0.046739968
34	2879941	829.317432056	0.344983664
34	2880103	829.360713651	0.043281595
34	2894212	834.123460566	4.762746915
34	2901224	836.326789592	2.203329026
34	2903032	836.918096077	0.591306485
34	2907725	838.662565761	1.744469684
34	2911789	839.772463042	1.109897281
34	2912474	839.95235644	0.179893398
34	2927505	843.781152286	3.828795846
34	2945668	848.903015991	5.121863705
34	2949087	849.887360226	0.984344235
34	2949558	849.982099636	0.09473941
34	2952522	850.680729613	0.698629977
34	2957594	852.21557146	1.534841847
34	2958291	852.463965953	0.248394493
34	2964312	854.224219842	1.760253889
34	2968734	855.444788511	1.220568669
34	2977942	858.201704929	2.756916418
34	2979946	858.836041876	0.634336947
34	2981128	859.26691912	0.430877244
34	2982935	859.954272937	0.687353817
34	2984683	860.466310923	0.512037986
34	2987898	861.258479483	0.79216856
34	2992216	862.08434349	0.825864007
34	2993892	862.582274782	0.497931292
34	2994902	862.935347195	0.353072413
34	2998094	864.034682856	1.099335661
34	2999755	864.625870476	0.59118762
34	3003526	865.864694044	1.238823568
34	3006977	866.611484139	0.746790095
34	3007863	866.78481258	0.173328441
34	3008486	866.906074589	0.121262009
34	3022374	870.80097242	3.894897831
34	3027288	872.078558436	1.277586016
34	3028133	872.314524834	0.235966398
34	3033720	873.863021354	1.54849652
34	3039212	875.406897213	1.543875859
34	3041372	875.944605037	0.537707824
34	3047699	877.407621441	1.463016404
34	3054048	879.234536784	1.826915343
34	3055363	879.684981662	0.450444878
34	3055488	879.738077043	0.053095381
34	3055521	879.747235078	0.009158035
34	3064542	882.039531417	2.292296339
34	3074042	884.323383616	2.283852199
34	3077604	885.343146648	1.019763032
34	3077710	885.370121126	0.026974478
34	3080212	886.132293541	0.762172415
34	3083005	886.821526662	0.689233121
34	3084611	887.215655632	0.39412897
34	3102438	891.72234593	4.506690298
34	3103713	892.135166566	0.412820636
34	3105864	892.766043425	0.630876859
34	3108660	893.591238913	0.825195488
34	3111997	894.842373055	1.251134142
34	3114589	895.57001533	0.727642275
34	3118069	896.802765874	1.232750544
34	3122550	898.400539758	1.597773884
34	3129240	900.295797585	1.895257827
34	3132302	901.363201819	1.067404234
34	3132580	901.460928907	0.097727088
34	3132625	901.471027585	0.010098678
34	3140287	903.3123397	1.841312115
34	3140996	903.605336419	0.292996719
34	3142113	903.961835237	0.356498818
34	3146617	905.415000856	1.453165619
34	3161737	909.361339465	3.946338609
34	3163068	909.714542925	0.35320346
34	3174780	913.859818063	4.145275138
34	3175543	914.147683064	0.287865001
34	3184663	916.97640616	2.828723096
34	3185615	917.302127046	0.325720886
34	3190130	918.603941948	1.301814902
34	3190980	918.827470038	0.22352809
34	3195470	920.508793451	1.681323413
34	3203789	922.867072705	2.358279254
34	3206520	923.77778397	0.910711265
34	3206854	923.841943813	0.064159843
34	3208470	924.214968657	0.373024844
34	3210025	924.722609393	0.507640736
34	3211260	924.884036123	0.16142673
34	3216076	925.707429041	0.823392918
34	3221075	927.116260602	1.408831561
34	3222331	927.602088618	0.485828016
34	3222357	927.606128413	0.004039795
34	3222374	927.606948977	0.000820564
34	3222751	927.771109916	0.164160939
34	3226202	928.77845818	1.007348264
34	3233175	930.865300588	2.086842408
34	3240889	933.997677435	3.132376847
34	3251263	937.556046354	3.558368919
34	3253809	938.429986838	0.873940484
34	3256078	939.117563121	0.687576283
34	3259366	940.252987438	1.135424317
34	3264846	941.968501542	1.715514104
34	3265000	942.034516602	0.06601506
34	3266581	942.356106219	0.321589617
34	3269192	943.346405914	0.990299695
34	3279091	945.874900086	2.528494172
34	3285300	947.762148172	1.887248086
34	3285499	947.831049894	0.068901722
34	3295399	950.711551072	2.880501178
34	3297929	951.61876666	0.907215588
34	3302228	953.319839196	1.701072536
34	3307638	955.234644758	1.914805562
34	3312802	956.755202905	1.520558147
34	3313027	956.845798285	0.09059538
34	3313137	956.880578013	0.034779728
34	3318534	958.369833384	1.489255371
34	3322491	959.602735735	1.232902351
34	3330303	961.762217478	2.159481743
34	3331144	961.984166911	0.221949433
34	3340223	964.430301282	2.446134371
34	3345106	966.018546243	1.588244961
34	3350637	967.578265741	1.559719498
34	3351261	967.780879678	0.202613937
34	3353139	968.365840559	0.584960881
34	3353282	968.399724495	0.033883936
34	3357179	970.092618762	1.692894267
34	3361037	971.303479101	1.210860339
34	3369232	973.592229294	2.288750193
34	3370383	974.035773593	0.443544299
34	3372592	974.627107677	0.591334084
34	3375046	975.290773009	0.663665332
34	3376183	975.559007777	0.268234768
34	3387107	978.269168558	2.710160781
34	3391178	979.265683633	0.996515075
34	3392620	979.717645382	0.451961749
34	3398697	981.536977339	1.819331957
34	3402713	982.476747621	0.939770282
34	3404438	983.114163518	0.637415897
34	3405779	983.529827635	0.415664117
34	3408969	984.446347217	0.916519582
34	3411571	985.355641701	0.909294484
34	3419985	987.242155137	1.886513436
34	3430059	990.282137244	3.039982107
34	3431055	990.61711839	0.334981146
34	3440570	993.28130514	2.66418675
34	3452623	996.781003614	3.499698474
34	3452694	996.803128322	0.022124708
34	3464219	999.955917955	3.152789633
34	3467477	1000.794494601	0.838576646
34	3472139	1002.208915794	1.414421193
34	3478360	1003.928828082	1.719912288
34	3480895	1004.575371895	0.646543813
34	3481382	1004.766076259	0.190704364
34	3481511	1004.82377714	0.057700881
34	3481810	1004.912758603	0.088981463
34	3484869	1005.451353261	0.538594658
34	3488233	1006.216981946	0.765628685
34	3495497	1008.332647237	2.115665291
34	3496687	1008.692858693	0.360211456
34	3500865	1009.604292195	0.911433502
34	3505094	1010.881399178	1.277106983
34	3506326	1011.244337463	0.362938285
34	3507412	1011.611510322	0.367172859
34	3507982	1011.814693087	0.203182765
34	3509770	1012.38779921	0.573106123
34	3516725	1014.865764853	2.477965643
34	3517783	1015.283687016	0.417922163
34	3523412	1017.317620835	2.033933819
34	3523569	1017.348826206	0.031205371
34	3529371	1018.982757344	1.633931138
34	3532652	1019.882136465	0.899379121
34	3533007	1019.969833875	0.08769741
34	3539113	1021.770743365	1.80090949
34	3547237	1024.53529592	2.764552555
34	3548066	1024.911543915	0.376247995
34	3550266	1025.640237613	0.728693698
34	3554366	1026.642935675	1.002698062
34	3560886	1028.046298992	1.403363317
34	3562989	1028.662252645	0.615953653
34	3565071	1029.059519543	0.397266898
34	3571127	1031.024244501	1.964724958
34	3577760	1032.976119702	1.951875201
34	3584895	1035.516574716	2.540455014
34	3595985	1038.569196909	3.052622193
34	3597813	1039.051993322	0.482796413
34	3609472	1042.048166755	2.996173433
34	3611582	1042.612294114	0.564127359
34	3614091	1043.33732635	0.725032236
34	3616059	1043.902150455	0.564824105
34	3617948	1044.414300611	0.512150156
34	3619212	1044.899171826	0.484871215
34	3627754	1047.431859412	2.532687586
34	3643663	1052.425289544	4.993430132
34	3646726	1053.500880082	1.075590538
34	3653454	1055.76772637	2.266846288
34	3659935	1057.618724437	1.850998067
34	3664486	1059.031984477	1.41326004
34	3666407	1059.552647617	0.52066314
34	3673617	1061.640960941	2.088313324
34	3674244	1061.888348374	0.247387433
34	3683164	1064.396522092	2.508173718
34	3683226	1064.409590381	0.013068289
34	3691919	1067.159804495	2.750214114
34	3691977	1067.177409442	0.017604947
34	3696415	1068.453678495	1.276269053
34	3699019	1069.156939582	0.703261087
34	3702442	1070.41535835	1.258418768
34	3709530	1072.515037086	2.099678736
34	3710263	1072.775552523	0.260515437
34	3713141	1073.530144164	0.754591641
34	3714553	1073.792395482	0.262251318
34	3714659	1073.822842026	0.030446544
34	3715530	1074.150735996	0.32789397
34	3718406	1075.069332476	0.91859648
34	3720257	1075.73276581	0.663433334
34	3727118	1078.203456823	2.470691013
34	3728936	1078.88324959	0.679792767
34	3735459	1080.265302627	1.382053037
34	3739946	1081.579090861	1.313788234
34	3741248	1081.967660204	0.388569343
34	3743952	1082.975958329	1.008298125
34	3744856	1083.263530651	0.287572322
34	3747731	1083.923887602	0.660356951
34	3751294	1084.636978782	0.71309118
34	3764435	1088.259074481	3.622095699
34	3765517	1088.699720756	0.440646275
34	3769655	1090.017340554	1.317619798
34	3777328	1092.178246802	2.160906248
34	3787434	1094.765039946	2.586793144
34	3792945	1096.275614677	1.510574731
34	3794252	1096.608016343	0.332401666
34	3795609	1097.032132029	0.424115686
34	3796351	1097.254240428	0.222108399
34	3796475	1097.281574929	0.027334501
34	3799225	1098.04091187	0.759336941
34	3805351	1099.526977264	1.486065394
34	3806853	1099.94414215	0.417164886
34	3810381	1100.769886492	0.825744342
34	3835537	1106.555356674	5.785470182
34	3837063	1106.883390499	0.328033825
34	3840353	1107.803809173	0.920418674
34	3843903	1108.777826844	0.974017671
34	3850172	1109.898946358	1.121119514
34	3850916	1110.149726462	0.250780104
34	3852017	1110.480004967	0.330278505
34	3861790	1112.498264655	2.018259688
34	3861848	1112.516545363	0.018280708
34	3862704	1112.796239585	0.279694222
34	3866767	1114.309828125	1.51358854
34	3867666	1114.731566368	0.421738243
34	3871099	1115.784960817	1.053394449
34	3873970	1116.530737226	0.745776409
34	3879094	1118.01593802	1.485200794
34	3882616	1119.028412027	1.012474007
34	3884415	1119.529524865	0.501112838
34	3888738	1120.498180531	0.968655666
34	3893446	1121.897183893	1.399003362
34	3901249	1123.974895038	2.077711145
34	3903313	1124.529528835	0.554633797
34	3904050	1124.807355882	0.277827047
34	3918698	1129.02548721	4.218131328
34	3934253	1133.805472167	4.779984957
34	3934880	1134.046614969	0.241142802
34	3941463	1136.578171557	2.531556588
34	3945757	1138.562531431	1.984359874
34	3948313	1139.504209271	0.94167784
34	3948509	1139.571556617	0.067347346
34	3958646	1144.111195791	4.539639174
34	3961743	1145.420468778	1.309272987
34	3962374	1145.682731614	0.262262836
34	3966348	1146.890539351	1.207807737
34	3966449	1146.916354247	0.025814896
34	3967889	1147.469964572	0.553610325
35	472458	150.801925322	1.899917808
35	472763	150.870854586	0.068929264
35	476285	151.659106565	0.788251979
35	479307	152.398868955	0.73976239
35	482085	153.142425479	0.743556524
35	488684	154.642213956	1.499788477
35	490010	154.994652265	0.352438309
35	491099	155.286733658	0.292081393
35	499347	157.212104619	1.925370961
35	508334	159.306142245	2.094037626
35	513688	160.297569522	0.991427277
35	514153	160.398303188	0.100733666
35	518028	161.408018713	1.009715525
35	531033	163.733648143	2.32562943
35	539625	165.871285514	2.137637371
35	553909	168.705176628	2.833891114
35	562888	170.605980587	1.900803959
35	563414	170.74596713	0.139986543
35	569400	172.701188956	1.955221826
35	574686	174.607634589	1.906445633
35	577332	175.525737101	0.918102512
35	578637	176.177860456	0.652123355
35	588292	178.576676279	2.398815823
35	588327	178.59523568	0.018559401
35	593348	180.291544977	1.696309297
35	596445	181.337121621	1.045576644
35	599599	182.309813392	0.972691771
35	601845	183.080780177	0.770966785
35	607430	185.189848601	2.109068424
35	612704	186.390404296	1.200555695
35	612981	186.448613982	0.058209686
35	614424	186.871395108	0.422781126
35	623860	189.910526279	3.039131171
35	630479	192.32482826	2.414301981
35	632115	193.004537013	0.679708753
35	637955	195.263827856	2.259290843
35	638040	195.285411074	0.021583218
35	642087	196.552278079	1.266867005
35	646720	197.88970402	1.337425941
35	647192	198.03560622	0.1459022
35	652040	199.724499856	1.688893636
35	652318	199.821344548	0.096844692
35	655470	201.140442983	1.319098435
35	659291	202.093406173	0.95296319
35	664297	203.749332862	1.655926689
35	664475	203.773037805	0.023704943
35	668251	204.84618642	1.073148615
35	670032	205.458960885	0.612774465
35	671429	205.978996434	0.520035549
35	673016	206.457328565	0.478332131
35	680328	208.645688063	2.188359498
35	680668	208.798263336	0.152575273
35	680926	208.898643288	0.100379952
35	688072	211.384380832	2.485737544
35	689271	211.815302918	0.430922086
35	690017	212.044738688	0.22943577
35	696792	214.583701303	2.538962615
35	703103	217.119155285	2.535453982
35	714586	221.32695975	4.207804465
35	715399	221.611755632	0.284795882
35	716261	221.933299457	0.321543825
35	720193	223.305389831	1.372090374
35	722373	224.060360865	0.754971034
35	724725	224.808946942	0.748586077
35	725957	225.273677751	0.464730809
35	732217	227.122652897	1.848975146
35	740292	230.027558426	2.904905529
35	741994	230.55552518	0.527966754
35	743981	231.071132821	0.515607641
35	745876	231.583607439	0.512474618
35	748321	232.723388223	1.139780784
35	753624	234.641049348	1.917661125
35	754693	235.174368532	0.533319184
35	757586	235.993678404	0.819309872
35	759364	236.509759624	0.51608122
35	777415	241.963391949	5.453632325
35	784263	243.856217006	1.892825057
35	784786	243.992768955	0.136551949
35	793569	246.347876415	2.35510746
35	798122	247.144698613	0.796822198
35	798774	247.238412746	0.093714133
35	799290	247.311493419	0.073080673
35	800502	247.492627211	0.181133792
35	802395	247.898505074	0.405877863
35	802725	247.972119478	0.073614404
35	804867	248.576886317	0.604766839
35	809763	249.816858748	1.239972431
35	811933	250.340125946	0.523267198
35	827103	253.776275807	3.436149861
35	835691	255.580577683	1.804301876
35	841477	256.759635833	1.17905815
35	841828	256.847044503	0.08740867
35	842291	256.950944383	0.10389988
35	848583	258.408284815	1.457340432
35	852788	259.554120186	1.145835371
35	865097	261.933066509	2.378946323
35	865209	261.95613045	0.023063941
35	868191	262.658062738	0.701932288
35	875292	264.341373295	1.683310557
35	880635	265.624904795	1.2835315
35	889760	267.203691263	1.578786468
35	891064	267.466550133	0.26285887
35	893942	268.386449724	0.919899591
35	894275	268.447868635	0.061418911
35	896800	269.003086411	0.555217776
35	905193	271.182396921	2.17931051
35	907853	271.803321186	0.620924265
35	919261	274.66526282	2.861941634
35	925070	276.066687856	1.401425036
35	925200	276.09460449	0.027916634
35	927222	276.62387677	0.52927228
35	930288	277.160535826	0.536659056
35	931659	277.360419773	0.199883947
35	937039	278.571802031	1.211382258
35	937973	278.81825718	0.246455149
35	950517	281.620488975	2.802231795
35	958963	283.529809454	1.909320479
35	962764	284.446778142	0.916968688
35	976212	287.26555747	2.818779328
35	980598	288.409657782	1.144100312
35	993185	290.937540842	2.52788306
35	997122	292.19727318	1.259732338
35	997151	292.204622929	0.007349749
35	997703	292.367784251	0.163161322
35	1008622	296.43767438	4.069890129
35	1010057	296.914653865	0.476979485
35	1011739	297.445943075	0.53128921
35	1017832	299.000587997	1.554644922
35	1018714	299.286174466	0.285586469
35	1023427	300.678155552	1.391981086
35	1024369	301.057286839	0.379131287
35	1034092	304.077572183	3.020285344
35	1035039	304.407333612	0.329761429
35	1036837	305.171441627	0.764108015
35	1040323	306.330096018	1.158654391
35	1044697	307.683404937	1.353308919
35	1044770	307.713015634	0.029610697
35	1045962	308.197010164	0.48399453
35	1046447	308.418604374	0.22159421
35	1047329	308.789340006	0.370735632
35	1059664	312.234575569	3.445235563
35	1060908	312.708213129	0.47363756
35	1063976	313.540713792	0.832500663
35	1064582	313.679096895	0.138383103
35	1073655	316.84396421	3.164867315
35	1076695	317.828919639	0.984955429
35	1076838	317.879809085	0.050889446
35	1082435	319.707167908	1.827358823
35	1089341	321.737821787	2.030653879
35	1093768	322.697917811	0.960096024
35	1100133	325.090204351	2.39228654
35	1101667	325.611981155	0.521776804
35	1103039	326.06124291	0.449261755
35	1105238	326.612127149	0.550884239
35	1105251	326.615756916	0.003629767
35	1110848	328.499776888	1.884019972
35	1111730	328.862586652	0.362809764
35	1120754	332.154926387	3.292339735
35	1122275	332.818151903	0.663225516
35	1125154	333.78878419	0.970632287
35	1126031	334.084032882	0.295248692
35	1130126	335.247145158	1.163112276
35	1132823	336.161375131	0.914229973
35	1133137	336.240436593	0.079061462
35	1136662	337.61747757	1.377040977
35	1137867	338.10537565	0.48789808
35	1146631	340.726943275	2.621567625
35	1158204	344.539546459	3.812603184
35	1163735	346.333571307	1.794024848
35	1164257	346.439456052	0.105884745
35	1164555	346.484579844	0.045123792
35	1167058	347.218007254	0.73342741
35	1178597	349.883334046	2.665326792
35	1185955	351.673088484	1.789754438
35	1189885	352.972289064	1.29920058
35	1189993	353.027756291	0.055467227
35	1193858	354.28975955	1.262003259
35	1202409	357.205838532	2.916078982
35	1204592	357.973670832	0.7678323
35	1209687	359.618973213	1.645302381
35	1216013	361.435524859	1.816551646
35	1222242	363.511375629	2.07585077
35	1227640	365.094779413	1.583403784
35	1227756	365.122935444	0.028156031
35	1228023	365.190740545	0.067805101
35	1229667	365.626504934	0.435764389
35	1232871	366.283306234	0.6568013
35	1238952	367.515786628	1.232480394
35	1239705	367.677141549	0.161354921
35	1240736	367.855386651	0.178245102
35	1251199	370.481354322	2.625967671
35	1252358	370.767605066	0.286250744
35	1253730	371.07665383	0.309048764
35	1254731	371.297987628	0.221333798
35	1260871	372.843375888	1.54538826
35	1266064	374.320665719	1.477289831
35	1281408	377.729354818	3.408689099
35	1281751	377.815860471	0.086505653
35	1295279	380.925739838	3.109879367
35	1303117	382.801141957	1.875402119
35	1304847	383.353741299	0.552599342
35	1308216	384.342149157	0.988407858
35	1309674	384.727864446	0.385715289
35	1318986	386.347115917	1.619251471
35	1321076	386.635590522	0.288474605
35	1322452	386.916900312	0.28130979
35	1330471	389.121569705	2.204669393
35	1333106	389.920082425	0.79851272
35	1333517	390.045795455	0.12571303
35	1336837	390.829553695	0.78375824
35	1345623	393.358997417	2.529443722
35	1352610	395.20448717	1.845489753
35	1364138	397.812852996	2.608365826
35	1365243	398.113600746	0.30074775
35	1375907	400.661963926	2.54836318
35	1377457	401.027038783	0.365074857
35	1383814	402.194985196	1.167946413
35	1386119	402.624373436	0.42938824
35	1390357	403.805129791	1.180756355
35	1395659	405.057385693	1.252255902
35	1405340	406.700185219	1.642799526
35	1413211	408.29965451	1.599469291
35	1420273	409.589399256	1.289744746
35	1421080	409.718551095	0.129151839
35	1425597	410.566864615	0.84831352
35	1441012	414.717347584	4.150482969
35	1443071	415.436567905	0.719220321
35	1443469	415.604145659	0.167577754
35	1445218	416.229127168	0.624981509
35	1446863	416.800149557	0.571022389
35	1450711	417.678916169	0.878766612
35	1456439	419.147507429	1.46859126
35	1457378	419.444855136	0.297347707
35	1457842	419.592655052	0.147799916
35	1458435	419.779623291	0.186968239
35	1463159	421.2183379	1.438714609
35	1463223	421.236127365	0.017789465
35	1464007	421.480207905	0.24408054
35	1466379	422.31132376	0.831115855
35	1466859	422.472311925	0.160988165
35	1474144	425.483032984	3.010721059
35	1484866	428.534061974	3.05102899
35	1486929	429.148872325	0.614810351
35	1493896	430.970305441	1.821433116
35	1495763	431.56625402	0.595948579
35	1499972	432.994906331	1.428652311
35	1501054	433.21512408	0.220217749
35	1503734	433.930963258	0.715839178
35	1504094	434.039278191	0.108314933
35	1507621	435.096774503	1.057496312
35	1508124	435.267274573	0.17050007
35	1517263	437.988374718	2.721100145
35	1518412	438.296614064	0.308239346
35	1526914	440.486032285	2.189418221
35	1530512	441.598857438	1.112825153
35	1535130	442.961364626	1.362507188
35	1538951	444.092356711	1.130992085
35	1543240	445.385026522	1.292669811
35	1546523	446.332801604	0.947775082
35	1549492	447.082796503	0.749994899
35	1550018	447.291783675	0.208987172
35	1555290	449.191202054	1.899418379
35	1555988	449.434735437	0.243533383
35	1557273	449.76615614	0.331420703
35	1559257	450.361451426	0.595295286
35	1564325	451.899095452	1.537644026
35	1566792	452.712432654	0.813337202
35	1568816	453.211595349	0.499162695
35	1569372	453.414092306	0.202496957
35	1570386	453.734144031	0.320051725
35	1573373	454.822917722	1.088773691
35	1576531	455.918815233	1.095897511
35	1579839	457.004634091	1.085818858
35	1583054	458.35306364	1.348429549
35	1593073	460.810766625	2.457702985
35	1600008	462.988175526	2.177408901
35	1603573	464.085389876	1.09721435
35	1607915	465.119809898	1.034420022
35	1613969	466.849874383	1.730064485
35	1615774	467.353899726	0.504025343
35	1616307	467.522978895	0.169079169
35	1620279	469.028056589	1.505077694
35	1622467	469.791608487	0.763551898
35	1629033	471.789167988	1.997559501
35	1637856	475.086456441	3.297288453
35	1639377	475.552809492	0.466353051
35	1641570	476.46429495	0.911485458
35	1650864	478.847935296	2.383640346
35	1651232	478.912732573	0.064797277
35	1655569	479.996624274	1.083891701
35	1657371	480.317004797	0.320380523
35	1657667	480.387250817	0.07024602
35	1665925	482.418828239	2.031577422
35	1666779	482.665879445	0.247051206
35	1683780	486.953545454	4.287666009
35	1689495	488.226227604	1.27268215
35	1695244	489.595930633	1.369703029
35	1702035	490.747174043	1.15124341
35	1706532	491.758833841	1.011659798
35	1715590	494.539046839	2.780212998
35	1730636	498.068447892	3.529401053
35	1735680	499.367406978	1.298959086
35	1735782	499.412130269	0.044723291
35	1738546	500.302984318	0.890854049
35	1748618	502.45705237	2.154068052
35	1758425	504.991488384	2.534436014
35	1767004	506.86361341	1.872125026
35	1772105	508.200855973	1.337242563
35	1772417	508.321514121	0.120658148
35	1788370	512.124932745	3.803418624
35	1793664	513.655156977	1.530224232
35	1794589	513.89528142	0.240124443
35	1797091	514.47199434	0.57671292
35	1799197	514.93915426	0.46715992
35	1800087	515.136131838	0.196977578
35	1809397	517.314913093	2.178781255
35	1825153	521.350951207	4.036038114
35	1828661	522.23687536	0.885924153
35	1830044	522.645507231	0.408631871
35	1833478	523.536432636	0.890925405
35	1838811	524.769797712	1.233365076
35	1851941	527.695054084	2.925256372
35	1854190	528.247218239	0.552164155
35	1857435	529.012736242	0.765518003
35	1862505	530.06623209	1.053495848
35	1862733	530.131782359	0.065550269
35	1878638	534.077401491	3.945619132
35	1879206	534.379830311	0.30242882
35	1882973	535.502374654	1.122544343
35	1885236	536.287408134	0.78503348
35	1889962	537.849048074	1.56163994
35	1893271	538.711349843	0.862301769
35	1894947	539.145136604	0.433786761
35	1895622	539.291108989	0.145972385
35	1900777	540.974898725	1.683789736
35	1900914	541.005188501	0.030289776
35	1909866	543.751889305	2.746700804
35	1915474	545.497404398	1.745515093
35	1919988	546.950749997	1.453345599
35	1927104	548.846132168	1.895382171
35	1927352	548.922097492	0.075965324
35	1930176	549.792722882	0.87062539
35	1930348	549.875543701	0.082820819
35	1930788	550.087245888	0.211702187
35	1933500	550.803281032	0.716035144
35	1938747	552.585922378	1.782641346
35	1939180	552.730568809	0.144646431
35	1940018	553.002154279	0.27158547
35	1941041	553.383852989	0.38169871
35	1941955	553.713464891	0.329611902
35	1943328	554.249304371	0.53583948
35	1945775	555.112611702	0.863307331
35	1946362	555.252916327	0.140304625
35	1957148	558.847080993	3.594164666
35	1961967	559.757167135	0.910086142
35	1962778	559.935170684	0.178003549
35	1964830	560.580315886	0.645145202
35	1965115	560.665477603	0.085161717
35	1965863	560.88740643	0.221928827
35	1969216	561.677888754	0.790482324
35	1969627	561.774729011	0.096840257
35	1971147	562.099073756	0.324344745
35	1972342	562.369045216	0.26997146
35	1976272	563.97319992	1.604154704
35	1989807	568.320887884	4.347687964
35	1990090	568.427829704	0.10694182
35	1997818	570.872517902	2.444688198
35	1998655	571.172379513	0.299861611
35	2000110	571.725568174	0.553188661
35	2006782	574.294683095	2.569114921
35	2008866	575.03565369	0.740970595
35	2011543	575.983700491	0.948046801
35	2017357	578.151774862	2.168074371
35	2022010	579.592410637	1.440635775
35	2024924	580.308581451	0.716170814
35	2026251	580.732680192	0.424098741
35	2032289	582.223936273	1.491256081
35	2048144	587.190249628	4.966313355
35	2054108	589.225482748	2.03523312
35	2055732	589.803329789	0.577847041
35	2056128	589.915121486	0.111791697
35	2056680	590.054936363	0.139814877
35	2066478	593.058239882	3.003303519
35	2066845	593.205387997	0.147148115
35	2070162	594.058482547	0.85309455
35	2072158	594.737318111	0.678835564
35	2075179	595.838096767	1.100778656
35	2077894	596.557910995	0.719814228
35	2088890	600.082757078	3.524846083
35	2090604	600.601755255	0.518998177
35	2098791	602.648206774	2.046451519
35	2099642	602.836682847	0.188476073
35	2101830	603.536530948	0.699848101
35	2105936	604.51969431	0.983163362
35	2107776	605.060883041	0.541188731
35	2108270	605.188469637	0.127586596
35	2117510	607.832676071	2.644206434
35	2119008	608.262002502	0.429326431
35	2123416	609.727547961	1.465545459
35	2127265	610.778197434	1.050649473
35	2129206	611.210998269	0.432800835
35	2140134	614.151282058	2.940283789
35	2154334	617.358440798	3.20715874
35	2156133	617.752266231	0.393825433
35	2160066	618.728507541	0.97624131
35	2161058	619.086376102	0.357868561
35	2163103	619.802350479	0.715974377
35	2163493	619.880526375	0.078175896
35	2169084	621.292382477	1.411856102
35	2194910	627.897788383	6.605405906
35	2196872	628.578680514	0.680892131
35	2203210	630.657420051	2.078739537
35	2209072	632.485275548	1.827855497
35	2216750	634.445472266	1.960196718
35	2219699	635.273177036	0.82770477
35	2221152	635.566819888	0.293642852
35	2223297	636.059632312	0.492812424
35	2223656	636.204399291	0.144766979
35	2226795	637.083485146	0.879085855
35	2230806	638.244842868	1.161357722
35	2239415	640.61165787	2.366815002
35	2241599	641.071234862	0.459576992
35	2246552	642.331722162	1.2604873
35	2247467	642.60507752	0.273355358
35	2250720	643.49544438	0.89036686
35	2254982	644.578620744	1.083176364
35	2255786	644.846446783	0.267826039
35	2259206	645.723085576	0.876638793
35	2259651	645.86922355	0.146137974
35	2276569	650.37975711	4.51053356
35	2295064	655.528966176	5.149209066
35	2298297	656.62439531	1.095429134
35	2300383	657.616301108	0.991905798
35	2303312	658.615566767	0.999265659
35	2306663	659.612721596	0.997154829
35	2307126	659.731058783	0.118337187
35	2307222	659.768775151	0.037716368
35	2308260	660.151876612	0.383101461
35	2310108	660.85016078	0.698284168
35	2310779	661.064573812	0.214413032
35	2315129	662.17930222	1.114728408
35	2315639	662.329289451	0.149987231
35	2328073	665.980603943	3.651314492
35	2329767	666.520944241	0.540340298
35	2333156	667.484786706	0.963842465
35	2349154	672.51107052	5.026283814
35	2360623	676.130635706	3.619565186
35	2362662	676.765401475	0.634765769
35	2363754	677.293204281	0.527802806
35	2364033	677.409698149	0.116493868
35	2369428	678.718913	1.309214851
35	2373086	679.690963734	0.972050734
35	2373746	679.877267765	0.186304031
35	2387850	684.071283368	4.194015603
35	2394088	686.025258783	1.953975415
35	2395831	686.367645893	0.34238711
35	2396619	686.549246956	0.181601063
35	2415610	692.683361775	6.134114819
35	2415950	692.832476114	0.149114339
35	2416641	693.209363675	0.376887561
35	2426133	696.004170071	2.794806396
35	2430230	697.133498349	1.129328278
35	2433699	698.150201893	1.016703544
35	2440708	699.768213543	1.61801165
35	2441035	699.809227363	0.04101382
35	2442062	700.086375758	0.277148395
35	2445958	701.207839787	1.121464029
35	2457959	704.797198918	3.589359131
35	2458196	704.897432213	0.100233295
35	2461198	705.691250114	0.793817901
35	2462282	706.053323083	0.362072969
35	2469233	708.280893962	2.227570879
35	2482200	711.469511694	3.188617732
35	2487136	712.811980848	1.342469154
35	2487244	712.858532572	0.046551724
35	2489547	713.743901916	0.885369344
35	2489997	713.857234791	0.113332875
35	2495146	715.711554412	1.854319621
35	2496538	716.099865859	0.388311447
35	2498516	716.692565818	0.592699959
35	2501228	717.584380802	0.891814984
35	2507178	719.680761952	2.09638115
35	2512488	721.290601203	1.609839251
35	2514315	721.702535339	0.411934136
35	2515188	721.983974465	0.281439126
35	2517331	722.731408489	0.747434024
35	2526718	725.113490964	2.382082475
35	2527359	725.303794719	0.190303755
35	2530491	726.184350948	0.880556229
35	2534504	726.96394658	0.779595632
35	2535580	727.290981185	0.327034605
35	2539344	728.499556523	1.208575338
35	2541892	729.275117899	0.775561376
35	2541948	729.287741501	0.012623602
35	2550055	731.246941658	1.959200157
35	2551751	731.78233802	0.535396362
35	2561842	734.905472282	3.123134262
35	2574749	738.454205668	3.548733386
35	2576204	738.822115771	0.367910103
35	2576881	739.010074228	0.187958457
35	2581309	740.40035983	1.390285602
35	2581958	740.632289753	0.231929923
35	2582160	740.676070445	0.043780692
35	2591542	743.282700718	2.606630273
35	2597792	745.356536806	2.073836088
35	2600176	745.884120644	0.527583838
35	2628619	753.501522862	7.617402218
35	2632244	754.281867262	0.7803444
35	2633830	754.732615262	0.450748
35	2638255	756.120554304	1.387939042
35	2639868	756.524845551	0.404291247
35	2647270	758.658759662	2.133914111
35	2647489	758.727013436	0.068253774
35	2649273	759.125800843	0.398787407
35	2649738	759.246967274	0.121166431
35	2650704	759.548397768	0.301430494
35	2652248	760.11358848	0.565190712
35	2652363	760.157956473	0.044367993
35	2664075	762.896712499	2.738756026
35	2666294	763.541611146	0.644898647
35	2670215	764.349711615	0.808100469
35	2676976	766.125198294	1.775486679
35	2677093	766.150602829	0.025404535
35	2677812	766.333077354	0.182474525
35	2679304	766.761031477	0.427954123
35	2686379	768.582432459	1.821400982
35	2687910	768.930775797	0.348343338
35	2698388	771.72369681	2.792921013
35	2699048	771.817753992	0.094057182
35	2699160	771.835940485	0.018186493
35	2701142	772.35267722	0.516736735
35	2702074	772.617609049	0.264931829
35	2707685	774.774694159	2.15708511
35	2710898	776.082883945	1.308189786
35	2711262	776.216512539	0.133628594
35	2711391	776.255534963	0.039022424
35	2714610	777.286418219	1.030883256
35	2715548	777.748492891	0.462074672
35	2715939	777.883028338	0.134535447
35	2732713	783.060862658	5.17783432
35	2733495	783.445660795	0.384798137
35	2738380	784.953656468	1.507995673
35	2741731	785.99608609	1.042429622
35	2743594	786.510043007	0.513956917
35	2750219	788.37009203	1.860049023
35	2751016	788.638300291	0.268208261
35	2752244	789.074016369	0.435716078
35	2758107	791.127021227	2.053004858
35	2762584	792.502949055	1.375927828
35	2764029	792.977161317	0.474212262
35	2771761	795.777722457	2.80056114
35	2773299	796.303041275	0.525318818
35	2775026	796.771147669	0.468106394
35	2777442	797.669493746	0.898346077
35	2782599	799.279423899	1.609930153
35	2792550	801.854653712	2.575229813
35	2795001	802.589473541	0.734819829
35	2796638	803.18508398	0.595610439
35	2805134	805.427953131	2.242869151
35	2809026	806.464007912	1.036054781
35	2811221	806.939798866	0.475790954
35	2813050	807.539286927	0.599488061
35	2815104	808.229133749	0.689846822
35	2816682	808.765909503	0.536775754
35	2817054	808.913320513	0.14741101
35	2819443	809.945014215	1.031693702
35	2825888	812.395511062	2.450496847
35	2828519	813.467721644	1.072210582
35	2829490	813.857214592	0.389492948
35	2830281	814.243420818	0.386206226
35	2831089	814.677892837	0.434472019
35	2853564	821.25389638	6.576003543
35	2856127	821.880397752	0.626501372
35	2856972	822.218361589	0.337963837
35	2868144	825.682086444	3.463724855
35	2868283	825.737664496	0.055578052
35	2869923	826.438637255	0.700972759
35	2870151	826.515220437	0.076583182
35	2878787	828.964465089	2.449244652
35	2880584	829.531339621	0.566874532
35	2883737	830.529870157	0.998530536
35	2885025	831.036612085	0.506741928
35	2893379	833.788606498	2.751994413
35	2897433	835.135270118	1.34666362
35	2898250	835.364428817	0.229158699
35	2900489	836.05208551	0.687656693
35	2904191	837.361721539	1.309636029
35	2918994	841.445026583	4.083305044
35	2926820	843.570359917	2.125333334
35	2930775	844.714344548	1.143984631
35	2936475	846.333075752	1.618731204
35	2941317	847.30719328	0.974117528
35	2943999	848.225253278	0.918059998
35	2949389	849.957502524	1.732249246
35	2952443	850.653564411	0.696061887
35	2953279	850.8731881	0.219623689
35	2955037	851.350533482	0.477345382
35	2956292	851.688605289	0.338071807
35	2959462	852.782150008	1.093544719
35	2963794	854.062715463	1.280565455
35	2965316	854.559198788	0.496483325
35	2969774	855.700616767	1.141417979
35	2986823	861.030828485	5.330211718
35	2987231	861.130881428	0.100052943
35	2987905	861.258479483	0.127598055
35	2990301	861.665922839	0.407443356
35	2991964	862.016999118	0.351076279
35	2992030	862.033965503	0.016966385
35	2992763	862.230733739	0.196768236
35	2996033	863.346903712	1.116169973
35	3000845	865.0736246	1.726720888
35	3007690	866.74885274	1.67522814
35	3014672	868.503113513	1.754260773
35	3036834	874.514701242	6.011587729
35	3037646	874.78202558	0.267324338
35	3038007	874.968294899	0.186269319
35	3040727	875.789523321	0.821228422
35	3048804	877.689413782	1.899890461
35	3053760	879.109487083	1.420073301
35	3055883	879.908197648	0.798710565
35	3056518	880.144190454	0.235992806
35	3059883	880.837988445	0.693797991
35	3071455	883.739704175	2.90171573
35	3075503	884.710837044	0.971132869
35	3078655	885.609225611	0.898388567
35	3084130	887.072884122	1.463658511
35	3087571	887.784483664	0.711599542
35	3097670	890.37973916	2.595255496
35	3100024	890.993312501	0.613573341
35	3100141	891.043333312	0.050020811
35	3100302	891.092791879	0.049458567
35	3102285	891.652162171	0.559370292
35	3102553	891.760104891	0.10794272
35	3104223	892.259468706	0.499363815
35	3104897	892.470763672	0.211294966
35	3110761	894.200100456	1.729336784
35	3112615	895.093634147	0.893533691
35	3113972	895.354663521	0.261029374
35	3120528	897.701539191	2.34687567
35	3122557	898.400539758	0.699000567
35	3126314	899.426683024	1.026143266
35	3126432	899.462379039	0.035696015
35	3127960	899.972464369	0.51008533
35	3128427	900.129290596	0.156826227
35	3132413	901.396169677	1.266879081
35	3133874	901.751001385	0.354831708
35	3139468	902.887607681	1.136606296
35	3140418	903.369944417	0.482336736
35	3152154	906.694121837	3.32417742
35	3162921	909.666346647	2.97222481
35	3165475	910.479823168	0.813476521
35	3169253	911.837652881	1.357829713
35	3176172	914.438835806	2.601182925
35	3180065	915.715671039	1.276835233
35	3185144	917.136072661	1.420401622
35	3185727	917.327542236	0.191469575
35	3186664	917.599624084	0.272081848
35	3188358	918.157331674	0.55770759
35	3189117	918.362556242	0.205224568
35	3191591	919.048421153	0.685864911
35	3193060	919.656018117	0.607596964
35	3194300	920.147941316	0.491923199
35	3201646	922.17316002	2.025218704
35	3201880	922.267699672	0.094539652
35	3203559	922.756353399	0.488653727
35	3203756	922.853151808	0.096798409
35	3210073	924.743662549	1.890510741
35	3211752	924.939278858	0.195616309
35	3213585	925.145168558	0.2058897
35	3216906	925.995946664	0.850778106
35	3221250	927.190503498	1.194556834
35	3228013	929.266941717	2.076438219
35	3228402	929.332050701	0.065108984
35	3233947	931.21308615	1.881035449
35	3234571	931.505506227	0.292420077
35	3241239	934.175103403	2.669597176
35	3246696	936.03638069	1.861277287
35	3249430	936.847312449	0.810931759
35	3251382	937.620985088	0.773672639
35	3252200	937.988858531	0.367873443
35	3256066	939.112703765	1.123845234
35	3268124	942.781740389	3.669036624
35	3268308	942.881089406	0.099349017
35	3276866	945.412128748	2.531039342
35	3277969	945.666775159	0.254646411
35	3283579	947.138601472	1.471826313
35	3284719	947.52582092	0.387219448
35	3298353	951.720689573	4.194868653
35	3299184	952.03016609	0.309476517
35	3299494	952.144750886	0.114584796
35	3305095	954.0276652	1.882914314
35	3305989	954.438377215	0.410712015
35	3310331	955.913316583	1.474939368
35	3312188	956.556781357	0.643464774
35	3325494	960.382895053	3.826113696
35	3327772	961.110202028	0.727306975
35	3328288	961.250003471	0.139801443
35	3336688	963.344855257	2.094851786
35	3343558	965.438193881	2.093338624
35	3344773	965.900652419	0.462458538
35	3348110	966.744177819	0.8435254
35	3349478	967.159872378	0.415694559
35	3351845	967.972906997	0.813034619
35	3359405	970.87132116	2.898414163
35	3361543	971.461661236	0.590340076
35	3362119	971.613781297	0.152120061
35	3366110	972.687660659	1.073879362
35	3371828	974.471297417	1.783636758
35	3382746	977.102939089	2.631641672
35	3383707	977.318948863	0.216009774
35	3394334	980.342081672	3.023132809
35	3402541	982.426644774	2.084563102
35	3403390	982.679490562	0.252845788
35	3404023	982.912727607	0.233237045
35	3404445	983.114163518	0.201435911
35	3408210	984.167711818	1.0535483
35	3409235	984.586855368	0.41914355
35	3409484	984.711597143	0.124741775
35	3423725	988.413779391	3.702182248
35	3424942	988.697352097	0.283572706
35	3442121	993.786284334	5.088932237
35	3442143	993.793494792	0.007210458
35	3443982	994.211576211	0.418081419
35	3445000	994.623770754	0.412194543
35	3446984	995.405897438	0.782126684
35	3447740	995.588541202	0.182643764
35	3449254	996.038220501	0.449679299
35	3449880	996.241465882	0.203245381
35	3452701	996.803128322	0.56166244
35	3455104	997.6130917	0.809963378
35	3457588	998.206617732	0.593526032
35	3460754	999.064962992	0.85834526
35	3462728	999.591567909	0.526604917
35	3467397	1000.783307396	1.191739487
35	3473481	1002.580271764	1.796964368
35	3480276	1004.379038133	1.798766369
35	3482176	1005.048005806	0.668967673
35	3482763	1005.188516778	0.140510972
35	3485998	1005.708132642	0.519615864
35	3486063	1005.734756863	0.026624221
35	3487397	1006.100434649	0.365677786
35	3495619	1008.373406756	2.272972107
35	3496950	1008.780051924	0.406645168
35	3499609	1009.341698262	0.561646338
35	3501846	1009.884868785	0.543170523
35	3504221	1010.646049164	0.761180379
35	3516089	1014.549696908	3.903647744
35	3525338	1017.794960442	3.245263534
35	3533092	1019.994918101	2.199957659
35	3535916	1020.995485705	1.000567604
35	3555139	1026.793248675	5.79776297
35	3561164	1028.129360273	1.336111598
35	3561212	1028.14579753	0.016437257
35	3565561	1029.176500322	1.030702792
35	3575353	1032.239071348	3.062571026
35	3577217	1032.806261108	0.56718976
35	3586597	1035.87995187	3.073690762
35	3604178	1040.668091225	4.788139355
35	3611589	1042.612294114	1.944202889
35	3613614	1043.187242439	0.574948325
35	3616719	1044.038693497	0.851451058
35	3630168	1048.218212885	4.179519388
35	3632284	1048.796613175	0.57840029
35	3636587	1049.971369196	1.174756021
35	3636705	1050.048708535	0.077339339
35	3638281	1050.565721835	0.5170133
35	3647421	1053.752262966	3.186541131
35	3649193	1054.597922097	0.845659131
35	3662868	1058.597773483	3.999851386
35	3665442	1059.29092091	0.693147427
35	3670790	1060.622451334	1.331530424
35	3674861	1062.129466583	1.507015249
35	3681840	1063.957699515	1.828232932
35	3685499	1065.026823873	1.069124358
35	3686906	1065.391479364	0.364655491
35	3687200	1065.469606082	0.078126718
35	3688252	1065.866387419	0.396781337
35	3696228	1068.418017733	2.551630314
35	3709563	1072.519647274	4.101629541
35	3712468	1073.374706311	0.855059037
35	3714615	1073.807675657	0.432969346
35	3717081	1074.566311971	0.758636314
35	3722308	1076.549456912	1.983144941
35	3726753	1078.097528335	1.548071423
35	3730286	1079.322322089	1.224793754
35	3730341	1079.341101684	0.018779595
35	3735279	1080.202616988	0.861515304
35	3744636	1083.204134702	3.001517714
35	3747532	1083.872910995	0.668776293
35	3748267	1084.041312876	0.168401881
35	3754834	1085.606341911	1.565029035
35	3755517	1085.791660331	0.18531842
35	3756250	1085.985317068	0.193656737
35	3759038	1086.592161744	0.606844676
35	3762811	1087.74579744	1.153635696
35	3763063	1087.832836034	0.087038594
35	3763810	1088.060047836	0.227211802
35	3770642	1090.339748128	2.279700292
35	3774271	1091.387824759	1.048076631
35	3775931	1091.696234736	0.308409977
35	3779052	1092.670936776	0.97470204
35	3783142	1093.788043812	1.117107036
35	3784747	1094.084640185	0.296596373
35	3791539	1095.85089619	1.766256005
35	3793936	1096.525075988	0.674179798
35	3794116	1096.56304508	0.037969092
35	3801548	1098.615139423	2.052094343
35	3802711	1098.875522069	0.260382646
35	3802728	1098.881416215	0.005894146
35	3802806	1098.906616734	0.025200519
35	3805978	1099.692229337	0.785612603
35	3811513	1101.022626047	1.33039671
35	3811911	1101.105168977	0.08254293
35	3817874	1102.00092008	0.895751103
35	3825942	1104.084727079	2.083806999
35	3826036	1104.131351393	0.046624314
35	3826621	1104.235701267	0.104349874
35	3832009	1105.623235678	1.387534411
35	3833948	1106.20903378	0.585798102
35	3835661	1106.584317884	0.375284104
35	3837070	1106.883390499	0.299072615
35	3837986	1107.115873709	0.23248321
35	3843945	1108.783777042	1.667903333
35	3859670	1111.974200395	3.190423353
35	3861012	1112.274364974	0.300164579
35	3867187	1114.502192753	2.227827779
35	3875622	1117.097643093	2.59545034
35	3876782	1117.384294663	0.28665157
35	3879440	1118.120645105	0.736350442
35	3880640	1118.529085756	0.408440651
35	3881952	1118.856074881	0.326989125
35	3883421	1119.25880586	0.402730979
35	3886141	1119.764136339	0.505330479
35	3892015	1121.46928928	1.705152941
35	3901242	1123.973508409	2.504219129
35	3903897	1124.738426832	0.764918423
35	3909988	1126.262302198	1.523875366
35	3913435	1127.244242121	0.981939923
35	3917477	1128.658402755	1.414160634
35	3918264	1128.890894135	0.23249138
35	3920821	1129.598103802	0.707209667
35	3921215	1129.725226068	0.127122266
35	3922622	1130.276519872	0.551293804
35	3923178	1130.36693054	0.090410668
35	3927369	1131.539939615	1.173009075
35	3935174	1134.170244543	2.630304928
35	3936705	1134.733224121	0.562979578
35	3943078	1137.492388119	2.759163998
35	3943184	1137.541850185	0.049462066
35	3945078	1138.215248108	0.673397923
35	3946248	1138.745310689	0.530062581
35	3948488	1139.562396485	0.817085796
35	3951575	1141.103710664	1.541314179
35	3952532	1141.461849494	0.35813883
35	3954720	1142.335123846	0.873274352
35	3966671	1146.989403275	4.654279429
35	3967543	1147.314021894	0.324618619
35	3969951	1148.275227351	0.961205457
