version 2
run PastryDHT-5-20211203-23:20:36-6496
attr Lifetime 600s
attr configname PastryDHT
attr datetime 20211203-23:20:36
attr experiment PastryDHT
attr inifile configs.ini
attr iterationvars $Lifetime=600s
attr iterationvars2 "$Lifetime=600s, $repetition=0"
attr measurement $Lifetime=600s
attr network oversim.underlay.simpleunderlay.SimpleUnderlayNetwork
attr processid 6496
attr repetition 0
attr replication #0
attr resultdir results
attr runnumber 5
attr seedset 5

vector 31  SimpleUnderlayNetwork.globalObserver.globalStatistics  "GlobalNodeList: Number of nodes"  ETV
vector 32  SimpleUnderlayNetwork.globalObserver.globalStatistics  "GlobalDhtTestMap: Number of stored DHT entries"  ETV
vector 33  SimpleUnderlayNetwork.globalObserver.globalStatistics  "LifetimeChurn: Session Time"  ETV
vector 34  SimpleUnderlayNetwork.globalObserver.globalStatistics  "LifetimeChurn: Time between creates"  ETV
vector 35  SimpleUnderlayNetwork.globalObserver.globalStatistics  "LifetimeChurn: Time between deletes"  ETV
31	2959206	150	498
31	3759213	200	499
31	4582927	250	500
31	5419694	300	502
31	6425385	350	513
31	7209432	400	504
31	8114563	450	499
31	9016922	500	495
31	9947603	550	499
31	10935361	600	498
31	11848385	650	495
31	12725901	700	501
31	13665357	750	500
31	14737148	800	500
31	15639764	850	492
31	16549899	900	496
31	17557728	950	500
31	18353539	1000	498
31	19195255	1050	495
31	19982805	1100	497
32	2959207	150	716
32	3075915	160	807
32	3261270	170	892
32	3416599	180	954
32	3616513	190	1012
32	3759214	200	1109
32	3888666	210	1186
32	4061718	220	1272
32	4245128	230	1362
32	4382481	240	1422
32	4582928	250	1475
32	4770407	260	1557
32	4948381	270	1651
32	5096488	280	1728
32	5270967	290	1806
32	5419695	300	1879
32	5623034	310	1949
32	5829274	320	2026
32	6035404	330	2113
32	6200987	340	2198
32	6425386	350	2277
32	6594449	360	2332
32	6711284	370	2330
32	6864856	380	2317
32	7066761	390	2315
32	7209433	400	2311
32	7375441	410	2328
32	7579817	420	2340
32	7758348	430	2345
32	7958563	440	2348
32	8114564	450	2341
32	8276218	460	2335
32	8434885	470	2336
32	8619070	480	2336
32	8828191	490	2349
32	9016923	500	2328
32	9204546	510	2339
32	9400943	520	2339
32	9620787	530	2324
32	9817729	540	2329
32	9947604	550	2347
32	10093712	560	2347
32	10308525	570	2328
32	10525600	580	2346
32	10758420	590	2344
32	10935362	600	2337
32	11132106	610	2344
32	11370652	620	2338
32	11550485	630	2327
32	11702997	640	2325
32	11848386	650	2325
32	12005739	660	2334
32	12221763	670	2338
32	12391804	680	2339
32	12572516	690	2326
32	12725902	700	2312
32	12939054	710	2306
32	13090624	720	2314
32	13229820	730	2321
32	13453026	740	2318
32	13665358	750	2309
32	13835557	760	2306
32	14053489	770	2290
32	14309059	780	2305
32	14530063	790	2316
32	14737149	800	2313
32	14944222	810	2308
32	15116304	820	2303
32	15284406	830	2298
32	15467143	840	2304
32	15639765	850	2315
32	15805044	860	2305
32	15983116	870	2309
32	16194716	880	2296
32	16380747	890	2299
32	16549900	900	2299
32	16761490	910	2303
32	16951832	920	2302
32	17115025	930	2308
32	17333706	940	2306
32	17557729	950	2305
32	17747420	960	2301
32	17943232	970	2298
32	18120939	980	2320
32	18252235	990	2313
32	18353540	1000	2317
32	18531120	1010	2305
32	18640273	1020	2310
32	18832736	1030	2305
32	19010283	1040	2315
32	19195256	1050	2313
32	19421160	1060	2313
32	19556459	1070	2322
32	19711088	1080	2334
32	19814125	1090	2318
32	19982806	1100	2318
32	20144875	1110	2328
32	20306415	1120	2320
32	20481861	1130	2331
32	20598051	1140	2299
33	2964547	150.572268301	1564.325718401
33	2969243	150.870854586	3.333427785
33	2997821	152.495136521	954.201098215
33	3032605	155.534909288	146.730648182
33	3055150	157.917259153	1844.459580982
33	3118784	162.018202282	1307.233144724
33	3119548	162.059788031	235.741353926
33	3143352	163.730468432	1208.635264006
33	3161857	164.58727411	987.905114009
33	3165583	164.733534135	471.558848342
33	3181636	165.821213625	993.087240521
33	3191912	166.500740928	282.43022233
33	3196500	166.81682983	386.032218244
33	3201538	167.323287885	503.411724266
33	3230019	168.509133991	422.4745665
33	3245086	169.535653152	191.797918155
33	3309935	173.155847903	150.633492103
33	3317445	173.870290991	1199.72814759
33	3342426	175.751625096	71.971763127
33	3342816	175.768167695	481.563554467
33	3345342	175.92339214	42.849645665
33	3349908	176.458235494	307.569821095
33	3352993	176.731476969	247.857922287
33	3354502	176.918989319	2060.185262969
33	3374515	177.755667275	1039.761400719
33	3378955	178.123365454	636.156058445
33	3379275	178.158841235	319.259987004
33	3380527	178.263112908	16.317086108
33	3423216	180.245435715	1567.774560593
33	3487048	184.149577452	1251.684403063
33	3494049	184.677047648	279.514154406
33	3535752	186.164440588	18.746085691
33	3538586	186.390404296	13.439319733
33	3549156	186.8277769	1622.006802347
33	3559303	187.312555119	389.365333635
33	3623783	190.397539114	921.165505966
33	3657055	192.59418947	788.306462949
33	3662645	193.004537013	0.229783718
33	3671251	193.364504274	392.807875239
33	3681166	194.067565525	175.222194025
33	3716531	196.644419539	2530.94061702
33	3738800	198.350543671	471.768262445
33	3752691	199.399437017	587.418316975
33	3765984	200.383413242	1163.161371707
33	3839285	206.173383959	1170.328732238
33	3840280	206.25943735	617.653883163
33	3854683	207.351023759	38.720109062
33	3859661	207.916524542	139.901627361
33	3876987	208.903978068	50.088790887
33	3881640	209.410392554	393.668753682
33	3889864	210.075035462	222.603880707
33	3891979	210.242739932	601.361716454
33	3934077	212.427350939	568.905726415
33	3937564	212.493511775	404.499226199
33	3980816	214.583701303	14.31825484
33	3988351	214.854764953	635.280505165
33	4028944	217.666802929	229.12949764
33	4032405	218.059235241	619.159126348
33	4043335	218.365264016	87.572276826
33	4074863	221.110762804	276.639669051
33	4079194	221.611755632	6.812312367
33	4083671	222.110032082	279.843513372
33	4085087	222.268275903	259.454894163
33	4110623	223.305389831	3.809244561
33	4168114	225.831820679	146.374017853
33	4246402	230.113287328	1339.291852215
33	4248733	230.29917359	347.069871626
33	4250026	230.445470535	88.632101648
33	4253504	230.725764085	2613.424474221
33	4270786	232.13616598	316.941235511
33	4297545	234.257623092	1605.151203596
33	4314486	235.812290932	26.680336279
33	4315404	235.910459222	149.857145844
33	4324641	236.284039312	28.532819436
33	4334072	237.187149443	647.345284429
33	4358733	238.541642532	753.777306331
33	4372939	239.390341796	233.962721844
33	4379495	239.79055437	1559.397609058
33	4388982	240.453064004	273.959066265
33	4419247	242.07828522	499.88566136
33	4480429	245.062857326	222.237682968
33	4484105	245.275293719	1673.597728795
33	4487006	245.361168672	453.563781694
33	4506700	246.251107438	1040.006094858
33	4541403	247.834310466	1775.239265559
33	4556289	248.663294656	253.720451266
33	4586222	250.195567621	33.190882103
33	4622215	253.312424387	1118.784911964
33	4631113	253.738885226	1641.934384387
33	4635927	254.400553954	1539.461297156
33	4638060	254.617985849	678.455226312
33	4638127	254.625484303	126.001020631
33	4654453	255.165523022	349.059959726
33	4675205	256.16821018	1877.878640641
33	4680448	256.402201146	1011.484582389
33	4748156	258.716777972	77.592343676
33	4754144	259.114258555	273.200654538
33	4757639	259.40393105	253.67463968
33	4776835	260.447631031	334.86095042
33	4779100	260.654282429	76.083539358
33	4785288	261.215345367	322.105542517
33	4823163	263.514884219	1088.032999097
33	4841237	264.971615405	74.33107917
33	4848792	265.360325317	976.608147536
33	4855104	265.76719061	16.699359523
33	4861374	266.108281328	96.109725926
33	4885247	267.264797195	277.866985164
33	4890635	267.600691204	1506.905360231
33	4939929	269.662072127	16.520324794
33	4995444	272.454805024	539.986912365
33	5046433	275.855649315	45.181992119
33	5060759	277.451446923	23.563173612
33	5082322	279.305874506	260.463923206
33	5093146	279.783994299	540.643958832
33	5107711	280.64330589	376.96177163
33	5123892	281.475248166	281.479253807
33	5138768	282.438606638	1888.646102543
33	5156519	283.534457549	309.282658056
33	5162922	283.953116272	594.309912921
33	5163574	284.005141502	206.54766799
33	5195522	285.830351431	1647.422819775
33	5215201	287.106372993	554.332264262
33	5222789	287.426634991	466.046797849
33	5241719	288.108951375	1051.13425312
33	5285313	290.917679502	254.148552588
33	5358417	296.256030634	494.895867328
33	5362605	296.812944497	377.385670395
33	5379555	297.804020765	722.384496013
33	5380152	297.910583161	823.298450619
33	5384749	298.448975128	554.47643867
33	5440819	300.699131716	1008.342803199
33	5446647	300.955413791	149.311860782
33	5448645	301.074192319	114.952846464
33	5449904	301.162156261	632.514039903
33	5477605	302.251654989	874.389833464
33	5511950	303.773685525	961.268625697
33	5545827	305.401874708	1479.164556763
33	5555814	306.054428262	550.805282422
33	5604087	309.110300445	507.744353267
33	5618076	309.680750234	1606.557441302
33	5628002	310.65312671	1438.741949485
33	5628475	310.738921026	1300.640382058
33	5628554	310.754006727	436.409872186
33	5632417	310.988698219	254.814582813
33	5648031	311.639436794	583.268760854
33	5653650	312.301691926	871.224288595
33	5667339	312.693027889	36.095756301
33	5710410	314.240375761	290.934287277
33	5717186	314.421258301	433.723307689
33	5726149	314.71019097	595.644472551
33	5737728	315.429251165	84.298613281
33	5751969	316.220425114	518.358094751
33	5807704	318.755957956	691.649939482
33	5822469	319.710924989	615.437016327
33	5830691	320.132126715	1468.330084679
33	5831901	320.205835116	503.560074387
33	5849547	321.176479135	110.052648033
33	5855263	321.632993767	313.481663081
33	5884303	322.748895946	18.312346964
33	5933761	324.615657657	54.697334466
33	5945866	325.178050365	2774.499345527
33	5967888	326.521065431	147.323225045
33	5973046	326.84715031	292.672544
33	6025982	329.174357718	1151.894131107
33	6073306	332.760719061	135.653373245
33	6084080	333.157122281	139.298109041
33	6098977	334.084032882	1.989561005
33	6124984	335.000685005	448.581747454
33	6147585	336.228020533	224.269383865
33	6168696	337.477053647	127.884397779
33	6173671	337.879354327	211.84526845
33	6176506	338.029335482	146.762273005
33	6215856	340.939457208	918.510426707
33	6236319	341.861232609	186.793924368
33	6288139	344.552673855	104.486604336
33	6300634	344.918755261	733.307222306
33	6302054	344.989080065	1064.850238177
33	6308603	345.384564517	99.110927961
33	6317400	345.581529972	387.00285083
33	6329932	346.210366387	1134.196990459
33	6374598	348.301374394	37.179979928
33	6407361	349.200520197	1072.191516963
33	6426432	350.023345255	1408.870807026
33	6455785	351.260556412	429.964105346
33	6458542	351.386429061	235.729922102
33	6461304	351.539802473	68.509984821
33	6511816	354.419294481	2156.908259948
33	6595863	360.168349831	1233.383582468
33	6619509	362.099958322	21.968729554
33	6621301	362.373333831	100.048111042
33	6633847	363.511375629	2.094243826
33	6678565	367.004766276	404.520079275
33	6685008	367.564054404	423.691480559
33	6694982	368.372117663	1748.467609024
33	6717197	370.613332158	950.567839774
33	6782395	373.939673944	241.143083134
33	6792619	374.797021542	62.514302218
33	6839240	378.445439497	645.334612427
33	6850036	379.0449169	607.671549365
33	6853254	379.214114069	485.743388455
33	6856170	379.416777766	2144.332026363
33	6858309	379.565052826	694.032720657
33	6953339	383.165086743	1089.289582353
33	6981448	384.824321795	142.30061095
33	6990982	385.457592493	2048.17163242
33	7032651	387.745753785	938.819778803
33	7056181	389.379902257	331.673420826
33	7065469	389.871158488	56.825858478
33	7093095	391.929079735	158.06110737
33	7171089	397.318910372	38.382920116
33	7192495	398.49319804	145.519538202
33	7199922	399.303474842	851.825303668
33	7200247	399.322878102	497.542466403
33	7206068	399.790259227	1655.568356564
33	7224195	400.835682882	524.644140286
33	7230625	401.228008021	606.222374766
33	7264876	403.358431091	138.575366476
33	7281283	404.258911358	369.988055916
33	7289396	404.770559867	2184.75480392
33	7290779	404.885308526	956.401448064
33	7345021	407.780151873	112.211336511
33	7354884	408.553962152	290.517321216
33	7359914	408.750592181	15.722382628
33	7360289	408.771373886	129.76505875
33	7365713	409.156798471	1949.016871647
33	7387688	410.616400494	1827.865125203
33	7417864	411.648729491	1403.170791048
33	7443713	412.912739755	322.97359795
33	7444413	412.954634733	53.944460719
33	7487969	414.996723516	106.866889894
33	7522150	417.054974664	415.003005522
33	7523560	417.202397395	41.052275874
33	7569981	419.444855136	9.02422023
33	7596351	421.022625133	1195.234703269
33	7613118	421.964600895	374.329761986
33	7617153	422.271554224	364.452142586
33	7619002	422.383247578	278.862174358
33	7678596	425.680135553	545.876645804
33	7711537	428.038558737	342.339234036
33	7719437	428.584695328	477.408617173
33	7737126	429.219458061	236.032788841
33	7765214	430.348043021	513.98400768
33	7802798	432.126295047	170.063954581
33	7834050	433.757373813	97.992384195
33	7840623	434.270380164	518.718478367
33	7859280	434.807956969	45.722002409
33	7926790	438.524033952	169.681354045
33	7936226	439.103959097	1553.356069992
33	8026599	443.582016188	132.305390242
33	8033567	444.24535256	778.742471045
33	8038465	444.683458707	432.559236496
33	8056364	445.937534993	2064.470191589
33	8101016	449.434735437	12.361292343
33	8131028	451.477878513	1917.389598907
33	8144303	452.618725567	2639.627927017
33	8161929	453.582050993	139.569723869
33	8195878	455.880601854	102.871287451
33	8233806	457.812496934	917.644527647
33	8246191	458.732704992	374.204678339
33	8288509	460.849889165	287.809192465
33	8293374	461.280504837	1953.751679314
33	8312792	462.250079101	2275.935938734
33	8327258	463.352671637	778.972535674
33	8395844	467.155191848	633.83012522
33	8404874	467.710736367	743.109572325
33	8408418	468.010414804	25.902317769
33	8416726	468.782231948	333.811929184
33	8420207	469.120419696	1574.476593686
33	8482255	472.244169447	121.732457217
33	8488612	472.649301958	335.031736471
33	8490818	472.817296709	178.242335603
33	8539345	475.275122049	1617.833077499
33	8547948	475.967616369	869.169851069
33	8559674	476.335602764	120.888333509
33	8566945	476.67214532	246.116709677
33	8589583	478.115344144	482.551431015
33	8610267	479.577132631	92.612255817
33	8631394	480.462646396	806.195938649
33	8673856	482.567938329	271.518293151
33	8676539	482.652494114	3421.968509713
33	8697527	483.839754021	942.82683912
33	8698363	483.875693391	113.209392425
33	8703847	484.214360997	327.088680278
33	8776392	488.200684728	35.000171245
33	8828810	490.026026489	53.22119175
33	8855557	490.937855198	282.645921897
33	8869469	491.798718039	267.632757839
33	8913641	494.310065165	720.823374275
33	8918914	494.719010983	595.823052036
33	8937991	496.026461756	215.20157909
33	8950066	497.016398379	263.867722265
33	8951045	497.102788292	127.624759669
33	8983910	498.496194792	673.655836146
33	8993788	498.953810418	341.38751281
33	9020370	500.111879304	1229.660443002
33	9049841	501.73232605	172.998732733
33	9059203	502.380052021	24.259251191
33	9119456	505.090733924	1784.036108378
33	9123872	505.398726095	1270.611385302
33	9170370	507.728212693	317.216801522
33	9198092	509.523492931	352.783700349
33	9225439	511.250771142	43.916472902
33	9277718	513.648160793	50.825177823
33	9293666	514.299754075	129.782484151
33	9296869	514.569997463	278.313030875
33	9308665	515.34360091	778.114927532
33	9328240	516.313661133	2023.553313955
33	9328926	516.376821742	1230.212951984
33	9332103	516.632541149	820.314559002
33	9335829	516.931712477	1589.126900959
33	9370834	518.650115327	855.213274546
33	9386427	519.494213428	823.218768249
33	9424172	521.055625993	223.219491906
33	9432226	521.463279088	291.206214658
33	9458932	523.080265355	472.330721971
33	9460977	523.330352358	418.89765857
33	9463792	523.589869099	211.310536879
33	9471832	524.23119707	17.689792478
33	9483186	524.643581272	338.850469597
33	9496815	525.133992759	75.296920734
33	9513359	525.836002567	1204.435100682
33	9513539	525.849569383	28.295567221
33	9542249	526.961155844	264.255356695
33	9569298	527.685506962	1086.22644521
33	9582495	528.129203295	383.633407276
33	9585681	528.332633475	772.415023694
33	9619247	529.91214639	484.679421519
33	9672542	533.03225824	1268.934866512
33	9810843	539.266051117	18.693110458
33	9829343	540.969083756	610.383659202
33	9841607	541.468527804	3301.31419362
33	9871961	544.414452356	1993.385075208
33	9882271	545.465851547	735.532825963
33	9893085	546.618779012	179.0667154
33	9897257	546.950749997	13.920087112
33	9901264	547.459553589	122.910922727
33	9969705	550.939821098	1719.386185043
33	9976336	551.350905685	390.839597813
33	9999896	553.392711053	260.125709662
33	10083747	559.058557692	476.440901968
33	10088390	559.692140143	644.036179783
33	10091466	559.934175153	815.463785118
33	10102230	560.324773033	2161.401529094
33	10107661	560.752090157	1565.474674342
33	10145893	562.883433846	458.884608245
33	10170720	563.702428316	516.767177766
33	10174317	563.843239144	30.749171493
33	10176132	563.94037465	210.608023118
33	10177880	564.02634648	595.967275897
33	10232690	566.11230117	358.551067562
33	10248455	566.762231404	164.337634455
33	10291471	569.015071143	152.761725552
33	10293431	569.129550155	26.809669966
33	10306513	569.838403264	1260.622355146
33	10308374	569.985829717	1291.030022857
33	10342262	572.261077121	336.310282605
33	10375031	573.837746083	1296.600554403
33	10388784	574.67312231	36.884788685
33	10393759	574.963519203	505.427960161
33	10419766	576.405594902	60.069816811
33	10432512	577.0360531	225.126536422
33	10440697	577.203422547	239.134685359
33	10453660	577.77187135	471.677559015
33	10464002	578.037264555	25.945465534
33	10549898	580.90416155	81.010162162
33	10584696	582.2179685	2623.516710179
33	10595388	582.767851496	94.561437955
33	10609126	583.444624633	441.104325007
33	10615459	583.9596387	243.013544419
33	10628186	584.555738168	327.751776211
33	10635294	584.866327286	361.346758864
33	10637487	584.985121392	236.830015945
33	10639389	585.102595039	86.864187341
33	10655269	585.918012361	1217.99230131
33	10669151	586.750295337	1223.629362463
33	10717210	588.359168629	360.154382206
33	10784859	591.403115339	569.499702858
33	10792768	591.975571409	800.85292137
33	10816726	593.233242734	877.662602768
33	10831328	593.978461694	161.697608751
33	10857767	595.219884827	273.794251399
33	10897126	597.654220412	340.102132987
33	10932091	599.735300346	1054.564876738
33	10966030	601.613903341	189.820343383
33	10968196	601.789548422	234.464347958
33	11067737	606.332797043	221.717238754
33	11086420	607.56021565	532.355225184
33	11089064	607.793351748	881.6299729
33	11112315	609.093926332	493.223991732
33	11125457	609.709710704	272.476311709
33	11136352	610.177772095	65.608067984
33	11156282	611.312026225	431.817334048
33	11175322	611.840368705	881.370851249
33	11179197	611.947374085	297.546007305
33	11189286	612.320632177	106.666213633
33	11192688	612.445677497	571.94463602
33	11200993	612.807832359	120.079148404
33	11203866	612.891420186	411.667957013
33	11222975	613.820903021	1036.269874062
33	11256870	614.812958096	377.289980993
33	11263747	615.352490496	2415.181745549
33	11264224	615.394262949	58.221303818
33	11317213	617.486139533	228.717701892
33	11326515	617.834397773	50.237216222
33	11326872	617.855903574	1111.423555504
33	11336500	618.30054871	83.886693466
33	11406763	621.639392204	379.465617917
33	11540123	629.269549509	1.177175277
33	11544551	629.576171039	144.082588623
33	11554796	630.358300754	251.390551986
33	11604416	633.090655286	810.119325655
33	11625040	634.531839866	910.96919805
33	11651320	636.319348245	231.093200528
33	11666626	637.52184055	391.698116359
33	11680488	638.9038543	1014.828740668
33	11709775	640.528497284	55.96231196
33	11756747	643.288047228	432.801173786
33	11845663	649.742539113	863.187284134
33	11861509	651.377226442	206.298674146
33	11862842	651.500795171	482.028290585
33	11865011	651.7010334	108.655503406
33	11870699	652.112827564	760.604159234
33	11871497	652.159935369	249.912948753
33	11916032	653.981934547	96.587712649
33	11921490	654.31073699	1603.007943086
33	11944190	655.577659031	673.758106401
33	11960528	656.388261788	452.393053418
33	12004476	659.878863382	31.047602829
33	12020860	661.064573812	13.975480932
33	12048531	662.582247169	907.677840951
33	12049408	662.64946138	1016.23874955
33	12069380	663.116695211	647.72816509
33	12093050	664.304758689	651.252024928
33	12136099	666.091196721	1349.152520659
33	12153519	666.873842297	885.246980106
33	12203325	669.0255919	176.212156841
33	12204242	669.088661824	575.364454309
33	12240030	671.256587543	52.024306419
33	12242477	671.368252113	405.783754153
33	12253323	671.97128901	2461.888270431
33	12287346	674.375438347	265.769730211
33	12314700	675.87493326	748.650004097
33	12394779	680.196277904	95.644333701
33	12405550	680.825547834	952.200731487
33	12444612	682.957731781	379.256016407
33	12450452	683.269615343	279.069380312
33	12457986	684.045622176	519.799632453
33	12466800	684.336196867	338.99859227
33	12474382	684.764218519	448.356426586
33	12482669	685.342072888	1363.876976978
33	12483775	685.503769141	470.958080353
33	12526344	687.54517544	75.034937358
33	12631299	693.519588841	638.884030491
33	12651048	694.491672902	230.474927841
33	12653712	694.768802937	138.746479375
33	12676836	696.918542247	663.386308218
33	12688552	697.827739102	713.843292732
33	12689143	697.892415177	48.354526481
33	12695321	698.541310159	1655.1071215
33	12703904	698.777746189	1626.723832967
33	12705402	698.836077851	512.60239781
33	12707662	698.905153856	1714.451809693
33	12731389	700.365612014	54.217506652
33	12741107	700.840575008	550.653203477
33	12784788	703.509659116	858.671719607
33	12927713	709.127328143	1002.058695279
33	12937234	709.874225563	973.20055978
33	12939885	710.077964222	13.638327868
33	12944478	710.431509374	1325.792111703
33	12977273	712.533980213	934.346912605
33	13083576	719.144317621	543.736046635
33	13095614	720.729026465	172.552616701
33	13113191	722.228890262	253.799257347
33	13143011	725.052847576	1006.53540018
33	13146001	725.42151	705.515093823
33	13165745	726.438154901	684.714953794
33	13166921	726.640286467	1371.793105744
33	13170120	727.031820027	174.090042117
33	13170268	727.045615439	721.229235795
33	13172954	727.340525655	129.114261734
33	13177735	727.544628556	744.252895102
33	13186731	727.982129554	1532.904591209
33	13212737	729.213567222	386.809058825
33	13216860	729.302861391	3113.528617072
33	13257271	730.914351071	20.106756054
33	13260527	731.05376668	472.356998879
33	13330655	734.1963274	133.585822608
33	13334853	734.476802657	494.014971824
33	13336488	734.535292478	1262.783152348
33	13354472	735.493796118	241.995026062
33	13382580	736.810670571	592.698682102
33	13384179	736.902419738	1341.381427475
33	13430245	738.722555595	11.209875486
33	13458931	740.446867971	1022.230628408
33	13461675	740.596078101	1232.678860569
33	13473236	741.305065718	140.679587581
33	13473987	741.373918389	7.833250734
33	13480367	741.819899782	987.775649277
33	13519687	743.190174293	391.573962046
33	13548543	744.178586227	103.83439674
33	13591855	746.098504031	547.936941557
33	13640880	748.382014805	344.624468886
33	13643833	748.556628539	1633.387556085
33	13660800	749.909008107	950.843805811
33	13685910	751.45385477	174.671752312
33	13701586	752.545468712	2314.021898116
33	13708462	753.163036438	401.914907385
33	13708604	753.175176577	97.876908933
33	13751257	755.471058183	105.892943282
33	13766906	756.534932901	241.377794706
33	13772049	756.884456149	245.513121261
33	13782870	757.839315146	58.956317809
33	13869813	761.460085098	128.321940482
33	13871976	761.638713774	2511.582146341
33	13873592	761.73934087	295.96469187
33	13884052	762.268619391	679.330903387
33	13887082	762.523617908	350.383252137
33	13898182	763.257012618	1091.796106876
33	13899228	763.312235513	22.906739478
33	13910968	763.854283865	604.876114042
33	13923834	764.334843749	182.454049095
33	13925044	764.39729936	173.24361287
33	13938314	765.204658177	333.712154893
33	13992088	767.061487443	1452.97009403
33	14040638	769.134872858	1698.828069608
33	14044172	769.324756436	951.182866578
33	14046264	769.489855247	306.486063341
33	14050517	769.836734511	209.457228794
33	14067345	770.718728454	686.141134889
33	14204511	775.338247254	1596.344716038
33	14229123	776.839013821	330.831922955
33	14243624	777.509137301	143.191358649
33	14245461	777.655966768	400.455391602
33	14274792	778.716071316	1114.561214568
33	14278296	778.891350716	36.643232767
33	14284920	779.229797525	341.566005867
33	14311102	780.190220408	75.32176844
33	14351592	781.702092138	534.097173168
33	14354017	781.874677808	111.603517597
33	14386865	783.91674626	31.022372263
33	14402813	784.954500087	415.934767112
33	14402857	784.956003998	384.137215806
33	14405266	785.032476657	1313.703959516
33	14408601	785.171848611	1450.835926305
33	14414014	785.416597906	514.937089545
33	14459443	787.17674071	41.674560783
33	14500040	788.802717218	2.835958241
33	14505730	789.087025226	1185.88746158
33	14541718	790.598396309	969.248417175
33	14591597	792.661089674	69.227962467
33	14630774	794.752200085	522.014078198
33	14634432	794.894593378	910.939879622
33	14648457	795.491468445	761.024277825
33	14654887	795.870946894	1064.318387218
33	14727884	799.417637883	284.00037985
33	14742107	800.322517871	272.724241435
33	14796060	802.980186316	143.821057726
33	14797691	803.051454434	1431.778217922
33	14818043	804.279637633	48.082083906
33	14865791	806.373313059	117.259915134
33	14869396	806.627329617	763.356614565
33	14870249	806.693881404	670.674408789
33	14977429	811.645756468	709.230154167
33	14984498	812.310949881	2540.171741083
33	14988360	812.50425644	925.309359291
33	15037690	815.50394242	2475.012079736
33	15037717	815.505989757	526.968342351
33	15065863	817.234968367	389.230525226
33	15078138	817.643331225	2425.796015505
33	15084864	818.049003645	817.021768025
33	15106630	819.417414834	212.827888599
33	15163576	823.410503565	272.234786705
33	15178844	824.140694141	2159.883361264
33	15238629	827.242206986	3.58435655
33	15254036	828.147020691	499.34753111
33	15270102	829.268153276	1375.27801492
33	15270573	829.316760527	180.237784441
33	15285060	830.063929389	318.649158662
33	15287009	830.218957202	477.387156683
33	15313169	831.765996808	247.001130672
33	15317372	832.025848774	541.456984352
33	15367178	833.687030825	142.982625269
33	15406873	835.553492465	745.026063556
33	15421522	836.461868463	96.271097441
33	15462739	839.64127907	291.359563793
33	15463993	839.772463042	549.668245758
33	15465915	839.91421951	194.811787681
33	15467267	840.012166909	724.784209142
33	15480149	840.606296348	34.942384177
33	15522521	842.852880448	2741.781889754
33	15629545	848.903015991	49.836688184
33	15639889	850.020428505	1125.991851681
33	15639905	850.02106415	1102.761033648
33	15651959	851.089688804	296.832889514
33	15662421	852.030779633	379.298604686
33	15670552	852.463965953	158.124575249
33	15674457	852.791628577	790.871239849
33	15699577	854.224219842	1504.889086523
33	15714063	855.444788511	811.334505851
33	15742020	856.881516167	425.916931145
33	15774378	858.219862154	1650.042542184
33	15777822	858.41754566	1236.535024332
33	15801026	859.596144068	827.609016201
33	15874227	864.034682856	905.792280956
33	15876169	864.161388197	812.771137235
33	15881977	864.625870476	855.58830251
33	15903138	865.864694044	221.65495323
33	15903901	865.927809578	434.369242054
33	15976455	869.656983991	628.013381338
33	15980854	869.86754829	1113.626389897
33	16022892	871.715641139	1389.532446123
33	16036124	872.078558436	321.444166488
33	16061218	873.540025154	315.632505472
33	16086160	874.902737615	138.776536349
33	16098422	875.406897213	251.867467761
33	16106221	875.944605037	552.494751948
33	16141728	877.407621441	146.934076821
33	16147902	877.6034026	450.041159975
33	16168447	878.849987954	273.046534837
33	16173465	879.118285583	288.362096508
33	16273309	883.619803515	749.650421275
33	16277988	883.840766166	748.79560039
33	16285912	884.352357956	18.413180077
33	16327752	886.626777434	420.822158013
33	16335174	887.249655347	107.412507383
33	16344498	887.695683489	689.466810911
33	16372968	889.378114889	132.538148689
33	16379442	889.900103727	3190.460142564
33	16400597	891.72234593	943.461975767
33	16428789	893.591238913	359.645317851
33	16431650	893.78227362	1013.604010729
33	16438537	894.173873813	26.169131167
33	16445662	894.714407577	766.911350091
33	16446094	894.780675096	931.419959983
33	16453973	895.294754469	471.077857957
33	16515490	897.694991892	36.072366088
33	16522938	898.400539758	5.057928921
33	16551877	900.218912563	251.647825107
33	16557794	900.520476218	1002.972088871
33	16562004	900.687443591	74.628588851
33	16571891	901.471027585	179.395359834
33	16580774	901.941687747	2185.528751663
33	16592508	902.220298537	224.512583971
33	16620640	903.7388852	1149.395458621
33	16640609	904.616037042	409.420340432
33	16699075	907.379934417	371.323208515
33	16725729	908.955258188	228.810388373
33	16744426	909.461392112	8.528406987
33	16790263	911.228514829	537.054085856
33	16847054	914.324027685	97.858736035
33	16862993	915.138947266	200.989420347
33	16886995	916.619773303	158.107332434
33	16896266	917.302127046	103.406005596
33	16921068	918.284131985	1243.3258282
33	16937685	919.252733993	458.679348696
33	16939353	919.37493954	217.68767512
33	16949122	919.808976747	25.856175734
33	17030173	923.723187842	171.557410852
33	17031818	923.841943813	726.946301223
33	17043579	924.214968657	205.287224096
33	17056034	924.884036123	181.503788636
33	17075647	926.411976919	143.226307819
33	17076189	926.456257881	406.99357295
33	17082436	927.116260602	486.617817227
33	17091123	928.021412478	39.954565348
33	17095341	928.5614947	890.384306563
33	17129612	930.564361215	1465.790310234
33	17130547	930.634026869	159.094331216
33	17134709	930.865300588	576.89223413
33	17180368	933.000218185	26.038998091
33	17216001	934.494750644	555.280872737
33	17217786	934.642733076	1307.713738916
33	17234486	935.139714868	414.723309205
33	17262082	936.367366795	444.926078198
33	17271766	936.763835879	46.402837392
33	17320978	939.223897077	1643.601532599
33	17334349	940.038814712	96.12228007
33	17345955	940.648645736	741.239332791
33	17357448	941.320836924	271.456302867
33	17367776	941.968501542	192.290304318
33	17371397	942.24267537	1434.966260395
33	17503708	947.262219883	53.354215452
33	17509437	947.450168604	402.874211231
33	17520546	947.751105918	1165.459601326
33	17520741	947.762148172	1022.578801752
33	17536206	948.775778402	955.045371548
33	17567345	950.711551072	271.663447374
33	17586015	951.61876666	58.005004094
33	17625845	953.267447899	1084.981182177
33	17664331	954.959125429	488.604258069
33	17673785	955.322722373	57.504762486
33	17697355	956.755202905	981.339096925
33	17698742	956.880578013	24.863599806
33	17715028	958.065730774	525.718005849
33	17730439	958.975467699	32.716064642
33	17738338	959.602735735	28.084924924
33	17763084	960.68308274	940.722146991
33	17787953	961.729429951	55.693053357
33	17897789	966.925455482	1500.323549929
33	17907068	967.565236698	549.278195237
33	17907232	967.578265741	720.691437533
33	17917937	968.533121111	1688.076740155
33	17926504	968.825849307	854.981584495
33	17940447	969.826421854	50.758380749
33	17957327	970.476599263	1168.935789639
33	18015091	973.592229294	1372.307695689
33	18023390	974.035773593	1226.977398757
33	18031340	974.627107677	1906.189243573
33	18050385	976.176882017	248.421124663
33	18105630	979.24979047	321.361710762
33	18126162	980.229200471	868.502881356
33	18270118	992.231136612	408.335774316
33	18305477	996.128179986	1130.312287665
33	18312175	996.781003614	376.972851995
33	18319158	997.534810736	612.840520378
33	18338633	998.934674613	870.595524645
33	18345572	999.554879337	5.250625483
33	18363154	1000.511415723	799.617045879
33	18380148	1001.405926737	167.111074513
33	18445090	1004.575371895	190.840129092
33	18462207	1005.193250063	36.065945774
33	18484433	1006.708890468	147.501965196
33	18508678	1008.399763782	760.257463769
33	18527494	1009.604292195	1010.791075726
33	18552576	1011.212256306	23.05170974
33	18559756	1011.667042358	40.19110278
33	18595006	1014.495219661	282.818746539
33	18611648	1016.549078243	470.511379984
33	18619970	1017.60617468	380.514531596
33	18631902	1018.982757344	83.763040096
33	18638763	1019.882136465	846.171588302
33	18645509	1020.645371076	6.49548197
33	18656772	1021.19513803	1090.728094065
33	18762462	1024.963782498	1150.001295219
33	18787579	1026.813251274	151.833690758
33	18815515	1028.662252645	220.466718329
33	18831727	1029.861859129	403.962149274
33	18841760	1030.794120479	224.733500087
33	18850501	1031.831855311	782.287470282
33	18856057	1032.366779181	142.266941931
33	18865259	1032.976119702	755.788876761
33	18873253	1033.607776269	195.840369076
33	18916454	1035.516574716	29.45479448
33	18972309	1037.831303044	1045.01902948
33	18990457	1039.051993322	840.969732867
33	19000855	1039.548763229	1440.079079389
33	19007437	1039.828116347	433.127104578
33	19013487	1040.222889375	938.362828674
33	19066333	1043.55925682	89.497981772
33	19077358	1044.528127092	1056.200944325
33	19082493	1045.152352846	101.614444581
33	19083154	1045.211839252	728.410274496
33	19091291	1045.837323063	156.422206093
33	19105017	1046.804242098	601.884861314
33	19133911	1047.431859412	593.815090177
33	19141839	1047.641287385	1767.606625901
33	19207450	1050.276127271	147.845040352
33	19212183	1050.46846077	292.491758154
33	19220070	1051.087934586	1609.920860749
33	19220348	1051.115186674	17.355795285
33	19221930	1051.242378204	242.766037626
33	19246545	1052.706308805	1314.741978975
33	19267030	1053.702911909	550.974628881
33	19278824	1054.30549534	76.052272733
33	19292553	1054.697302564	66.160465868
33	19308505	1055.353326603	3.866566198
33	19374852	1058.036788334	677.894261544
33	19394448	1058.896203765	166.223254629
33	19395860	1059.067836009	187.885033911
33	19485494	1062.929783405	2540.963679541
33	19486815	1063.017572895	69.841018579
33	19549567	1069.156939582	1123.963158444
33	19555507	1069.906161784	152.77685007
33	19556441	1069.99876772	825.5666641
33	19596856	1072.812506763	227.730095573
33	19602079	1073.157019155	24.223044504
33	19612653	1073.966875157	75.711204069
33	19699489	1078.88324959	130.404718973
33	19713302	1080.265302627	286.711516135
33	19726077	1081.550828552	863.692121163
33	19726282	1081.579090861	1401.300445245
33	19747998	1083.923887602	274.767002644
33	19769853	1085.648442101	1102.035260371
33	19799085	1088.364476997	515.632936881
33	19802453	1088.699720756	186.361751424
33	19806827	1089.150182526	424.562446988
33	19810376	1089.554817119	1309.351309747
33	19838878	1091.19904356	220.513321789
33	19877675	1093.949895862	132.620815371
33	19897124	1094.984293005	331.530485808
33	19936116	1097.032132029	733.955936187
33	19947254	1097.834716078	425.111421153
33	19967475	1098.805804588	45.365877204
33	19977784	1099.674811123	103.151465971
33	19996471	1101.13206002	86.366249238
33	20013087	1101.991537669	1372.633875436
33	20034066	1103.317953413	1279.282259563
33	20051586	1104.18141812	264.494109909
33	20108123	1107.44402793	295.973711355
33	20115823	1108.22004468	446.093914894
33	20125572	1109.043614211	634.296046214
33	20143677	1109.882952782	1343.968543562
33	20192140	1112.498264655	616.290468594
33	20195073	1112.796150428	792.432341706
33	20198408	1113.135839507	180.361401317
33	20210838	1113.986579671	1071.848553305
33	20233460	1115.410741078	1036.422467187
33	20290171	1119.028412027	34.716898662
33	20310694	1120.434784118	69.221892312
33	20311187	1120.498180531	209.89746802
33	20391149	1124.876315468	512.80134957
33	20392525	1124.997643965	110.563189534
33	20414097	1126.053536748	905.437925089
33	20414278	1126.072175094	275.424868988
33	20503854	1131.9701423	1037.244559024
33	20507183	1132.312334526	1264.198384449
33	20568566	1137.487318053	430.959439209
33	20590318	1139.273719937	110.512629391
33	20590683	1139.322553236	1198.906227866
33	20595039	1139.777839361	126.051267823
33	20607416	1140.455916918	65.989332824
33	20615209	1141.195245273	133.899428441
33	20628429	1142.187690163	275.643388766
33	20631643	1142.414863631	189.345495669
33	20646736	1143.44394165	3519.823641293
33	20666247	1144.733161667	1459.821070812
33	20692416	1146.330933624	167.292779953
33	20696088	1146.703436655	636.173087525
33	20698160	1146.916354247	37.096692608
33	20718341	1147.871303153	649.25155749
33	20720333	1147.998784501	291.611895789
33	20724119	1148.40099252	211.743750929
34	2964547	150.572268301	1.312738741
34	2969243	150.870854586	0.298586285
34	2997821	152.495136521	1.624281935
34	3032605	155.534909288	3.039772767
34	3055150	157.917259153	2.382349865
34	3118784	162.018202282	4.100943129
34	3119548	162.059788031	0.041585749
34	3143352	163.730468432	1.670680401
34	3161857	164.58727411	0.856805678
34	3165583	164.733534135	0.146260025
34	3181636	165.821213625	1.08767949
34	3191912	166.500740928	0.679527303
34	3196500	166.81682983	0.316088902
34	3201538	167.323287885	0.506458055
34	3230019	168.509133991	1.185846106
34	3245086	169.535653152	1.026519161
34	3309935	173.155847903	3.620194751
34	3317445	173.870290991	0.714443088
34	3342426	175.751625096	1.881334105
34	3342816	175.768167695	0.016542599
34	3345342	175.92339214	0.155224445
34	3349908	176.458235494	0.534843354
34	3352993	176.731476969	0.273241475
34	3354502	176.918989319	0.18751235
34	3374515	177.755667275	0.836677956
34	3378955	178.123365454	0.367698179
34	3379275	178.158841235	0.035475781
34	3380527	178.263112908	0.104271673
34	3423216	180.245435715	1.982322807
34	3487048	184.149577452	3.904141737
34	3494049	184.677047648	0.527470196
34	3535752	186.164440588	1.48739294
34	3538586	186.390404296	0.225963708
34	3549156	186.8277769	0.437372604
34	3559303	187.312555119	0.484778219
34	3623783	190.397539114	3.084983995
34	3657055	192.59418947	2.196650356
34	3662645	193.004537013	0.410347543
34	3671251	193.364504274	0.359967261
34	3681166	194.067565525	0.703061251
34	3716531	196.644419539	2.576854014
34	3738800	198.350543671	1.706124132
34	3752691	199.399437017	1.048893346
34	3765984	200.383413242	0.983976225
34	3839285	206.173383959	5.789970717
34	3840280	206.25943735	0.086053391
34	3854683	207.351023759	1.091586409
34	3859661	207.916524542	0.565500783
34	3876987	208.903978068	0.987453526
34	3881640	209.410392554	0.506414486
34	3889864	210.075035462	0.664642908
34	3891979	210.242739932	0.16770447
34	3934077	212.427350939	2.184611007
34	3937564	212.493511775	0.066160836
34	3980816	214.583701303	2.090189528
34	3988351	214.854764953	0.27106365
34	4028944	217.666802929	2.812037976
34	4032405	218.059235241	0.392432312
34	4043335	218.365264016	0.306028775
34	4074863	221.110762804	2.745498788
34	4079194	221.611755632	0.500992828
34	4083671	222.110032082	0.49827645
34	4085087	222.268275903	0.158243821
34	4110623	223.305389831	1.037113928
34	4168114	225.831820679	2.526430848
34	4246402	230.113287328	4.281466649
34	4248733	230.29917359	0.185886262
34	4250026	230.445470535	0.146296945
34	4253504	230.725764085	0.28029355
34	4270786	232.13616598	1.410401895
34	4297545	234.257623092	2.121457112
34	4314486	235.812290932	1.55466784
34	4315404	235.910459222	0.09816829
34	4324641	236.284039312	0.37358009
34	4334072	237.187149443	0.903110131
34	4358733	238.541642532	1.354493089
34	4372939	239.390341796	0.848699264
34	4379495	239.79055437	0.400212574
34	4388982	240.453064004	0.662509634
34	4419247	242.07828522	1.625221216
34	4480429	245.062857326	2.984572106
34	4484105	245.275293719	0.212436393
34	4487006	245.361168672	0.085874953
34	4506700	246.251107438	0.889938766
34	4541403	247.834310466	1.583203028
34	4556289	248.663294656	0.82898419
34	4586222	250.195567621	1.532272965
34	4622215	253.312424387	3.116856766
34	4631113	253.738885226	0.426460839
34	4635927	254.400553954	0.661668728
34	4638060	254.617985849	0.217431895
34	4638127	254.625484303	0.007498454
34	4654453	255.165523022	0.540038719
34	4675205	256.16821018	1.002687158
34	4680448	256.402201146	0.233990966
34	4748156	258.716777972	2.314576826
34	4754144	259.114258555	0.397480583
34	4757639	259.40393105	0.289672495
34	4776835	260.447631031	1.043699981
34	4779100	260.654282429	0.206651398
34	4785288	261.215345367	0.561062938
34	4823163	263.514884219	2.299538852
34	4841237	264.971615405	1.456731186
34	4848792	265.360325317	0.388709912
34	4855104	265.76719061	0.406865293
34	4861374	266.108281328	0.341090718
34	4885247	267.264797195	1.156515867
34	4890635	267.600691204	0.335894009
34	4939929	269.662072127	2.061380923
34	4995444	272.454805024	2.792732897
34	5046433	275.855649315	3.400844291
34	5060759	277.451446923	1.595797608
34	5082322	279.305874506	1.854427583
34	5093146	279.783994299	0.478119793
34	5107711	280.64330589	0.859311591
34	5123892	281.475248166	0.831942276
34	5138768	282.438606638	0.963358472
34	5156519	283.534457549	1.095850911
34	5162922	283.953116272	0.418658723
34	5163574	284.005141502	0.05202523
34	5195522	285.830351431	1.825209929
34	5215201	287.106372993	1.276021562
34	5222789	287.426634991	0.320261998
34	5241719	288.108951375	0.682316384
34	5285313	290.917679502	2.808728127
34	5358417	296.256030634	5.338351132
34	5362605	296.812944497	0.556913863
34	5379555	297.804020765	0.991076268
34	5380152	297.910583161	0.106562396
34	5384749	298.448975128	0.538391967
34	5440819	300.699131716	2.250156588
34	5446647	300.955413791	0.256282075
34	5448645	301.074192319	0.118778528
34	5449904	301.162156261	0.087963942
34	5477605	302.251654989	1.089498728
34	5511950	303.773685525	1.522030536
34	5545827	305.401874708	1.628189183
34	5555814	306.054428262	0.652553554
34	5604087	309.110300445	3.055872183
34	5618076	309.680750234	0.570449789
34	5628002	310.65312671	0.972376476
34	5628475	310.738921026	0.085794316
34	5628554	310.754006727	0.015085701
34	5632417	310.988698219	0.234691492
34	5648031	311.639436794	0.650738575
34	5653650	312.301691926	0.662255132
34	5667339	312.693027889	0.391335963
34	5710410	314.240375761	1.547347872
34	5717186	314.421258301	0.18088254
34	5726149	314.71019097	0.288932669
34	5737728	315.429251165	0.719060195
34	5751969	316.220425114	0.791173949
34	5807704	318.755957956	2.535532842
34	5822469	319.710924989	0.954967033
34	5830691	320.132126715	0.421201726
34	5831901	320.205835116	0.073708401
34	5849547	321.176479135	0.970644019
34	5855263	321.632993767	0.456514632
34	5884303	322.748895946	1.115902179
34	5933761	324.615657657	1.866761711
34	5945866	325.178050365	0.562392708
34	5967888	326.521065431	1.343015066
34	5973046	326.84715031	0.326084879
34	6025982	329.174357718	2.327207408
34	6073306	332.760719061	3.586361343
34	6084080	333.157122281	0.39640322
34	6098977	334.084032882	0.926910601
34	6124984	335.000685005	0.916652123
34	6147585	336.228020533	1.227335528
34	6168696	337.477053647	1.249033114
34	6173671	337.879354327	0.40230068
34	6176506	338.029335482	0.149981155
34	6215856	340.939457208	2.910121726
34	6236319	341.861232609	0.921775401
34	6288139	344.552673855	2.691441246
34	6300634	344.918755261	0.366081406
34	6302054	344.989080065	0.070324804
34	6308603	345.384564517	0.395484452
34	6317400	345.581529972	0.196965455
34	6329932	346.210366387	0.628836415
34	6374598	348.301374394	2.091008007
34	6407361	349.200520197	0.899145803
34	6426432	350.023345255	0.822825058
34	6455785	351.260556412	1.237211157
34	6458542	351.386429061	0.125872649
34	6461304	351.539802473	0.153373412
34	6511816	354.419294481	2.879492008
34	6595863	360.168349831	5.74905535
34	6619509	362.099958322	1.931608491
34	6621301	362.373333831	0.273375509
34	6633847	363.511375629	1.138041798
34	6678565	367.004766276	3.493390647
34	6685008	367.564054404	0.559288128
34	6694982	368.372117663	0.808063259
34	6717197	370.613332158	2.241214495
34	6782395	373.939673944	3.326341786
34	6792619	374.797021542	0.857347598
34	6839240	378.445439497	3.648417955
34	6850036	379.0449169	0.599477403
34	6853254	379.214114069	0.169197169
34	6856170	379.416777766	0.202663697
34	6858309	379.565052826	0.14827506
34	6953339	383.165086743	3.600033917
34	6981448	384.824321795	1.659235052
34	6990982	385.457592493	0.633270698
34	7032651	387.745753785	2.288161292
34	7056181	389.379902257	1.634148472
34	7065469	389.871158488	0.491256231
34	7093095	391.929079735	2.057921247
34	7171089	397.318910372	5.389830637
34	7192495	398.49319804	1.174287668
34	7199922	399.303474842	0.810276802
34	7200247	399.322878102	0.01940326
34	7206068	399.790259227	0.467381125
34	7224195	400.835682882	1.045423655
34	7230625	401.228008021	0.392325139
34	7264876	403.358431091	2.13042307
34	7281283	404.258911358	0.900480267
34	7289396	404.770559867	0.511648509
34	7290779	404.885308526	0.114748659
34	7345021	407.780151873	2.894843347
34	7354884	408.553962152	0.773810279
34	7359914	408.750592181	0.196630029
34	7360289	408.771373886	0.020781705
34	7365713	409.156798471	0.385424585
34	7387688	410.616400494	1.459602023
34	7417864	411.648729491	1.032328997
34	7443713	412.912739755	1.264010264
34	7444413	412.954634733	0.041894978
34	7487969	414.996723516	2.042088783
34	7522150	417.054974664	2.058251148
34	7523560	417.202397395	0.147422731
34	7569981	419.444855136	2.242457741
34	7596351	421.022625133	1.577769997
34	7613118	421.964600895	0.941975762
34	7617153	422.271554224	0.306953329
34	7619002	422.383247578	0.111693354
34	7678596	425.680135553	3.296887975
34	7711537	428.038558737	2.358423184
34	7719437	428.584695328	0.546136591
34	7737126	429.219458061	0.634762733
34	7765214	430.348043021	1.12858496
34	7802798	432.126295047	1.778252026
34	7834050	433.757373813	1.631078766
34	7840623	434.270380164	0.513006351
34	7859280	434.807956969	0.537576805
34	7926790	438.524033952	3.716076983
34	7936226	439.103959097	0.579925145
34	8026599	443.582016188	4.478057091
34	8033567	444.24535256	0.663336372
34	8038465	444.683458707	0.438106147
34	8056364	445.937534993	1.254076286
34	8101016	449.434735437	3.497200444
34	8131028	451.477878513	2.043143076
34	8144303	452.618725567	1.140847054
34	8161929	453.582050993	0.963325426
34	8195878	455.880601854	2.298550861
34	8233806	457.812496934	1.93189508
34	8246191	458.732704992	0.920208058
34	8288509	460.849889165	2.117184173
34	8293374	461.280504837	0.430615672
34	8312792	462.250079101	0.969574264
34	8327258	463.352671637	1.102592536
34	8395844	467.155191848	3.802520211
34	8404874	467.710736367	0.555544519
34	8408418	468.010414804	0.299678437
34	8416726	468.782231948	0.771817144
34	8420207	469.120419696	0.338187748
34	8482255	472.244169447	3.123749751
34	8488612	472.649301958	0.405132511
34	8490818	472.817296709	0.167994751
34	8539345	475.275122049	2.45782534
34	8547948	475.967616369	0.69249432
34	8559674	476.335602764	0.367986395
34	8566945	476.67214532	0.336542556
34	8589583	478.115344144	1.443198824
34	8610267	479.577132631	1.461788487
34	8631394	480.462646396	0.885513765
34	8673856	482.567938329	2.105291933
34	8676539	482.652494114	0.084555785
34	8697527	483.839754021	1.187259907
34	8698363	483.875693391	0.03593937
34	8703847	484.214360997	0.338667606
34	8776392	488.200684728	3.986323731
34	8828810	490.026026489	1.825341761
34	8855557	490.937855198	0.911828709
34	8869469	491.798718039	0.860862841
34	8913641	494.310065165	2.511347126
34	8918914	494.719010983	0.408945818
34	8937991	496.026461756	1.307450773
34	8950066	497.016398379	0.989936623
34	8951045	497.102788292	0.086389913
34	8983910	498.496194792	1.3934065
34	8993788	498.953810418	0.457615626
34	9020370	500.111879304	1.158068886
34	9049841	501.73232605	1.620446746
34	9059203	502.380052021	0.647725971
34	9119456	505.090733924	2.710681903
34	9123872	505.398726095	0.307992171
34	9170370	507.728212693	2.329486598
34	9198092	509.523492931	1.795280238
34	9225439	511.250771142	1.727278211
34	9277718	513.648160793	2.397389651
34	9293666	514.299754075	0.651593282
34	9296869	514.569997463	0.270243388
34	9308665	515.34360091	0.773603447
34	9328240	516.313661133	0.970060223
34	9328926	516.376821742	0.063160609
34	9332103	516.632541149	0.255719407
34	9335829	516.931712477	0.299171328
34	9370834	518.650115327	1.71840285
34	9386427	519.494213428	0.844098101
34	9424172	521.055625993	1.561412565
34	9432226	521.463279088	0.407653095
34	9458932	523.080265355	1.616986267
34	9460977	523.330352358	0.250087003
34	9463792	523.589869099	0.259516741
34	9471832	524.23119707	0.641327971
34	9483186	524.643581272	0.412384202
34	9496815	525.133992759	0.490411487
34	9513359	525.836002567	0.702009808
34	9513539	525.849569383	0.013566816
34	9542249	526.961155844	1.111586461
34	9569298	527.685506962	0.724351118
34	9582495	528.129203295	0.443696333
34	9585681	528.332633475	0.20343018
34	9619247	529.91214639	1.579512915
34	9672542	533.03225824	3.12011185
34	9810843	539.266051117	6.233792877
34	9829343	540.969083756	1.703032639
34	9841607	541.468527804	0.499444048
34	9871961	544.414452356	2.945924552
34	9882271	545.465851547	1.051399191
34	9893085	546.618779012	1.152927465
34	9897257	546.950749997	0.331970985
34	9901264	547.459553589	0.508803592
34	9969705	550.939821098	3.480267509
34	9976336	551.350905685	0.411084587
34	9999896	553.392711053	2.041805368
34	10083747	559.058557692	5.665846639
34	10088390	559.692140143	0.633582451
34	10091466	559.934175153	0.24203501
34	10102230	560.324773033	0.39059788
34	10107661	560.752090157	0.427317124
34	10145893	562.883433846	2.131343689
34	10170720	563.702428316	0.81899447
34	10174317	563.843239144	0.140810828
34	10176132	563.94037465	0.097135506
34	10177880	564.02634648	0.08597183
34	10232690	566.11230117	2.08595469
34	10248455	566.762231404	0.649930234
34	10291471	569.015071143	2.252839739
34	10293431	569.129550155	0.114479012
34	10306513	569.838403264	0.708853109
34	10308374	569.985829717	0.147426453
34	10342262	572.261077121	2.275247404
34	10375031	573.837746083	1.576668962
34	10388784	574.67312231	0.835376227
34	10393759	574.963519203	0.290396893
34	10419766	576.405594902	1.442075699
34	10432512	577.0360531	0.630458198
34	10440697	577.203422547	0.167369447
34	10453660	577.77187135	0.568448803
34	10464002	578.037264555	0.265393205
34	10549898	580.90416155	2.866896995
34	10584696	582.2179685	1.31380695
34	10595388	582.767851496	0.549882996
34	10609126	583.444624633	0.676773137
34	10615459	583.9596387	0.515014067
34	10628186	584.555738168	0.596099468
34	10635294	584.866327286	0.310589118
34	10637487	584.985121392	0.118794106
34	10639389	585.102595039	0.117473647
34	10655269	585.918012361	0.815417322
34	10669151	586.750295337	0.832282976
34	10717210	588.359168629	1.608873292
34	10784859	591.403115339	3.04394671
34	10792768	591.975571409	0.57245607
34	10816726	593.233242734	1.257671325
34	10831328	593.978461694	0.74521896
34	10857767	595.219884827	1.241423133
34	10897126	597.654220412	2.434335585
34	10932091	599.735300346	2.081079934
34	10966030	601.613903341	1.878602995
34	10968196	601.789548422	0.175645081
34	11067737	606.332797043	4.543248621
34	11086420	607.56021565	1.227418607
34	11089064	607.793351748	0.233136098
34	11112315	609.093926332	1.300574584
34	11125457	609.709710704	0.615784372
34	11136352	610.177772095	0.468061391
34	11156282	611.312026225	1.13425413
34	11175322	611.840368705	0.52834248
34	11179197	611.947374085	0.10700538
34	11189286	612.320632177	0.373258092
34	11192688	612.445677497	0.12504532
34	11200993	612.807832359	0.362154862
34	11203866	612.891420186	0.083587827
34	11222975	613.820903021	0.929482835
34	11256870	614.812958096	0.992055075
34	11263747	615.352490496	0.5395324
34	11264224	615.394262949	0.041772453
34	11317213	617.486139533	2.091876584
34	11326515	617.834397773	0.34825824
34	11326872	617.855903574	0.021505801
34	11336500	618.30054871	0.444645136
34	11406763	621.639392204	3.338843494
34	11540123	629.269549509	7.630157305
34	11544551	629.576171039	0.30662153
34	11554796	630.358300754	0.782129715
34	11604416	633.090655286	2.732354532
34	11625040	634.531839866	1.44118458
34	11651320	636.319348245	1.787508379
34	11666626	637.52184055	1.202492305
34	11680488	638.9038543	1.38201375
34	11709775	640.528497284	1.624642984
34	11756747	643.288047228	2.759549944
34	11845663	649.742539113	6.454491885
34	11861509	651.377226442	1.634687329
34	11862842	651.500795171	0.123568729
34	11865011	651.7010334	0.200238229
34	11870699	652.112827564	0.411794164
34	11871497	652.159935369	0.047107805
34	11916032	653.981934547	1.821999178
34	11921490	654.31073699	0.328802443
34	11944190	655.577659031	1.266922041
34	11960528	656.388261788	0.810602757
34	12004476	659.878863382	3.490601594
34	12020860	661.064573812	1.18571043
34	12048531	662.582247169	1.517673357
34	12049408	662.64946138	0.067214211
34	12069380	663.116695211	0.467233831
34	12093050	664.304758689	1.188063478
34	12136099	666.091196721	1.786438032
34	12153519	666.873842297	0.782645576
34	12203325	669.0255919	2.151749603
34	12204242	669.088661824	0.063069924
34	12240030	671.256587543	2.167925719
34	12242477	671.368252113	0.11166457
34	12253323	671.97128901	0.603036897
34	12287346	674.375438347	2.404149337
34	12314700	675.87493326	1.499494913
34	12394779	680.196277904	4.321344644
34	12405550	680.825547834	0.62926993
34	12444612	682.957731781	2.132183947
34	12450452	683.269615343	0.311883562
34	12457986	684.045622176	0.776006833
34	12466800	684.336196867	0.290574691
34	12474382	684.764218519	0.428021652
34	12482669	685.342072888	0.577854369
34	12483775	685.503769141	0.161696253
34	12526344	687.54517544	2.041406299
34	12631299	693.519588841	5.974413401
34	12651048	694.491672902	0.972084061
34	12653712	694.768802937	0.277130035
34	12676836	696.918542247	2.14973931
34	12688552	697.827739102	0.909196855
34	12689143	697.892415177	0.064676075
34	12695321	698.541310159	0.648894982
34	12703904	698.777746189	0.23643603
34	12705402	698.836077851	0.058331662
34	12707662	698.905153856	0.069076005
34	12731389	700.365612014	1.460458158
34	12741107	700.840575008	0.474962994
34	12784788	703.509659116	2.669084108
34	12927713	709.127328143	5.617669027
34	12937234	709.874225563	0.74689742
34	12939885	710.077964222	0.203738659
34	12944478	710.431509374	0.353545152
34	12977273	712.533980213	2.102470839
34	13083576	719.144317621	6.610337408
34	13095614	720.729026465	1.584708844
34	13113191	722.228890262	1.499863797
34	13143011	725.052847576	2.823957314
34	13146001	725.42151	0.368662424
34	13165745	726.438154901	1.016644901
34	13166921	726.640286467	0.202131566
34	13170120	727.031820027	0.39153356
34	13170268	727.045615439	0.013795412
34	13172954	727.340525655	0.294910216
34	13177735	727.544628556	0.204102901
34	13186731	727.982129554	0.437500998
34	13212737	729.213567222	1.231437668
34	13216860	729.302861391	0.089294169
34	13257271	730.914351071	1.61148968
34	13260527	731.05376668	0.139415609
34	13330655	734.1963274	3.14256072
34	13334853	734.476802657	0.280475257
34	13336488	734.535292478	0.058489821
34	13354472	735.493796118	0.95850364
34	13382580	736.810670571	1.316874453
34	13384179	736.902419738	0.091749167
34	13430245	738.722555595	1.820135857
34	13458931	740.446867971	1.724312376
34	13461675	740.596078101	0.14921013
34	13473236	741.305065718	0.708987617
34	13473987	741.373918389	0.068852671
34	13480367	741.819899782	0.445981393
34	13519687	743.190174293	1.370274511
34	13548543	744.178586227	0.988411934
34	13591855	746.098504031	1.919917804
34	13640880	748.382014805	2.283510774
34	13643833	748.556628539	0.174613734
34	13660800	749.909008107	1.352379568
34	13685910	751.45385477	1.544846663
34	13701586	752.545468712	1.091613942
34	13708462	753.163036438	0.617567726
34	13708604	753.175176577	0.012140139
34	13751257	755.471058183	2.295881606
34	13766906	756.534932901	1.063874718
34	13772049	756.884456149	0.349523248
34	13782870	757.839315146	0.954858997
34	13869813	761.460085098	3.620769952
34	13871976	761.638713774	0.178628676
34	13873592	761.73934087	0.100627096
34	13884052	762.268619391	0.529278521
34	13887082	762.523617908	0.254998517
34	13898182	763.257012618	0.73339471
34	13899228	763.312235513	0.055222895
34	13910968	763.854283865	0.542048352
34	13923834	764.334843749	0.480559884
34	13925044	764.39729936	0.062455611
34	13938314	765.204658177	0.807358817
34	13992088	767.061487443	1.856829266
34	14040638	769.134872858	2.073385415
34	14044172	769.324756436	0.189883578
34	14046264	769.489855247	0.165098811
34	14050517	769.836734511	0.346879264
34	14067345	770.718728454	0.881993943
34	14204511	775.338247254	4.6195188
34	14229123	776.839013821	1.500766567
34	14243624	777.509137301	0.67012348
34	14245461	777.655966768	0.146829467
34	14274792	778.716071316	1.060104548
34	14278296	778.891350716	0.1752794
34	14284920	779.229797525	0.338446809
34	14311102	780.190220408	0.960422883
34	14351592	781.702092138	1.51187173
34	14354017	781.874677808	0.17258567
34	14386865	783.91674626	2.042068452
34	14402813	784.954500087	1.037753827
34	14402857	784.956003998	0.001503911
34	14405266	785.032476657	0.076472659
34	14408601	785.171848611	0.139371954
34	14414014	785.416597906	0.244749295
34	14459443	787.17674071	1.760142804
34	14500040	788.802717218	1.625976508
34	14505730	789.087025226	0.284308008
34	14541718	790.598396309	1.511371083
34	14591597	792.661089674	2.062693365
34	14630774	794.752200085	2.091110411
34	14634432	794.894593378	0.142393293
34	14648457	795.491468445	0.596875067
34	14654887	795.870946894	0.379478449
34	14727884	799.417637883	3.546690989
34	14742107	800.322517871	0.904879988
34	14796060	802.980186316	2.657668445
34	14797691	803.051454434	0.071268118
34	14818043	804.279637633	1.228183199
34	14865791	806.373313059	2.093675426
34	14869396	806.627329617	0.254016558
34	14870249	806.693881404	0.066551787
34	14977429	811.645756468	4.951875064
34	14984498	812.310949881	0.665193413
34	14988360	812.50425644	0.193306559
34	15037690	815.50394242	2.99968598
34	15037717	815.505989757	0.002047337
34	15065863	817.234968367	1.72897861
34	15078138	817.643331225	0.408362858
34	15084864	818.049003645	0.40567242
34	15106630	819.417414834	1.368411189
34	15163576	823.410503565	3.993088731
34	15178844	824.140694141	0.730190576
34	15238629	827.242206986	3.101512845
34	15254036	828.147020691	0.904813705
34	15270102	829.268153276	1.121132585
34	15270573	829.316760527	0.048607251
34	15285060	830.063929389	0.747168862
34	15287009	830.218957202	0.155027813
34	15313169	831.765996808	1.547039606
34	15317372	832.025848774	0.259851966
34	15367178	833.687030825	1.661182051
34	15406873	835.553492465	1.86646164
34	15421522	836.461868463	0.908375998
34	15462739	839.64127907	3.179410607
34	15463993	839.772463042	0.131183972
34	15465915	839.91421951	0.141756468
34	15467267	840.012166909	0.097947399
34	15480149	840.606296348	0.594129439
34	15522521	842.852880448	2.2465841
34	15629545	848.903015991	6.050135543
34	15639889	850.020428505	1.117412514
34	15639905	850.02106415	0.000635645
34	15651959	851.089688804	1.068624654
34	15662421	852.030779633	0.941090829
34	15670552	852.463965953	0.43318632
34	15674457	852.791628577	0.327662624
34	15699577	854.224219842	1.432591265
34	15714063	855.444788511	1.220568669
34	15742020	856.881516167	1.436727656
34	15774378	858.219862154	1.338345987
34	15777822	858.41754566	0.197683506
34	15801026	859.596144068	1.178598408
34	15874227	864.034682856	4.438538788
34	15876169	864.161388197	0.126705341
34	15881977	864.625870476	0.464482279
34	15903138	865.864694044	1.238823568
34	15903901	865.927809578	0.063115534
34	15976455	869.656983991	3.729174413
34	15980854	869.86754829	0.210564299
34	16022892	871.715641139	1.848092849
34	16036124	872.078558436	0.362917297
34	16061218	873.540025154	1.461466718
34	16086160	874.902737615	1.362712461
34	16098422	875.406897213	0.504159598
34	16106221	875.944605037	0.537707824
34	16141728	877.407621441	1.463016404
34	16147902	877.6034026	0.195781159
34	16168447	878.849987954	1.246585354
34	16173465	879.118285583	0.268297629
34	16273309	883.619803515	4.501517932
34	16277988	883.840766166	0.220962651
34	16285912	884.352357956	0.51159179
34	16327752	886.626777434	2.274419478
34	16335174	887.249655347	0.622877913
34	16344498	887.695683489	0.446028142
34	16372968	889.378114889	1.6824314
34	16379442	889.900103727	0.521988838
34	16400597	891.72234593	1.822242203
34	16428789	893.591238913	1.868892983
34	16431650	893.78227362	0.191034707
34	16438537	894.173873813	0.391600193
34	16445662	894.714407577	0.540533764
34	16446094	894.780675096	0.066267519
34	16453973	895.294754469	0.514079373
34	16515490	897.694991892	2.400237423
34	16522938	898.400539758	0.705547866
34	16551877	900.218912563	1.818372805
34	16557794	900.520476218	0.301563655
34	16562004	900.687443591	0.166967373
34	16571891	901.471027585	0.783583994
34	16580774	901.941687747	0.470660162
34	16592508	902.220298537	0.27861079
34	16620640	903.7388852	1.518586663
34	16640609	904.616037042	0.877151842
34	16699075	907.379934417	2.763897375
34	16725729	908.955258188	1.575323771
34	16744426	909.461392112	0.506133924
34	16790263	911.228514829	1.767122717
34	16847054	914.324027685	3.095512856
34	16862993	915.138947266	0.814919581
34	16886995	916.619773303	1.480826037
34	16896266	917.302127046	0.682353743
34	16921068	918.284131985	0.982004939
34	16937685	919.252733993	0.968602008
34	16939353	919.37493954	0.122205547
34	16949122	919.808976747	0.434037207
34	17030173	923.723187842	3.914211095
34	17031818	923.841943813	0.118755971
34	17043579	924.214968657	0.373024844
34	17056034	924.884036123	0.669067466
34	17075647	926.411976919	1.527940796
34	17076189	926.456257881	0.044280962
34	17082436	927.116260602	0.660002721
34	17091123	928.021412478	0.905151876
34	17095341	928.5614947	0.540082222
34	17129612	930.564361215	2.002866515
34	17130547	930.634026869	0.069665654
34	17134709	930.865300588	0.231273719
34	17180368	933.000218185	2.134917597
34	17216001	934.494750644	1.494532459
34	17217786	934.642733076	0.147982432
34	17234486	935.139714868	0.496981792
34	17262082	936.367366795	1.227651927
34	17271766	936.763835879	0.396469084
34	17320978	939.223897077	2.460061198
34	17334349	940.038814712	0.814917635
34	17345955	940.648645736	0.609831024
34	17357448	941.320836924	0.672191188
34	17367776	941.968501542	0.647664618
34	17371397	942.24267537	0.274173828
34	17503708	947.262219883	5.019544513
34	17509437	947.450168604	0.187948721
34	17520546	947.751105918	0.300937314
34	17520741	947.762148172	0.011042254
34	17536206	948.775778402	1.01363023
34	17567345	950.711551072	1.93577267
34	17586015	951.61876666	0.907215588
34	17625845	953.267447899	1.648681239
34	17664331	954.959125429	1.69167753
34	17673785	955.322722373	0.363596944
34	17697355	956.755202905	1.432480532
34	17698742	956.880578013	0.125375108
34	17715028	958.065730774	1.185152761
34	17730439	958.975467699	0.909736925
34	17738338	959.602735735	0.627268036
34	17763084	960.68308274	1.080347005
34	17787953	961.729429951	1.046347211
34	17897789	966.925455482	5.196025531
34	17907068	967.565236698	0.639781216
34	17907232	967.578265741	0.013029043
34	17917937	968.533121111	0.95485537
34	17926504	968.825849307	0.292728196
34	17940447	969.826421854	1.000572547
34	17957327	970.476599263	0.650177409
34	18015091	973.592229294	3.115630031
34	18023390	974.035773593	0.443544299
34	18031340	974.627107677	0.591334084
34	18050385	976.176882017	1.54977434
34	18105630	979.24979047	3.072908453
34	18126162	980.229200471	0.979410001
34	18270118	992.231136612	12.001936141
34	18305477	996.128179986	3.897043374
34	18312175	996.781003614	0.652823628
34	18319158	997.534810736	0.753807122
34	18338633	998.934674613	1.399863877
34	18345572	999.554879337	0.620204724
34	18363154	1000.511415723	0.956536386
34	18380148	1001.405926737	0.894511014
34	18445090	1004.575371895	3.169445158
34	18462207	1005.193250063	0.617878168
34	18484433	1006.708890468	1.515640405
34	18508678	1008.399763782	1.690873314
34	18527494	1009.604292195	1.204528413
34	18552576	1011.212256306	1.607964111
34	18559756	1011.667042358	0.454786052
34	18595006	1014.495219661	2.828177303
34	18611648	1016.549078243	2.053858582
34	18619970	1017.60617468	1.057096437
34	18631902	1018.982757344	1.376582664
34	18638763	1019.882136465	0.899379121
34	18645509	1020.645371076	0.763234611
34	18656772	1021.19513803	0.549766954
34	18762462	1024.963782498	3.768644468
34	18787579	1026.813251274	1.849468776
34	18815515	1028.662252645	1.849001371
34	18831727	1029.861859129	1.199606484
34	18841760	1030.794120479	0.93226135
34	18850501	1031.831855311	1.037734832
34	18856057	1032.366779181	0.53492387
34	18865259	1032.976119702	0.609340521
34	18873253	1033.607776269	0.631656567
34	18916454	1035.516574716	1.908798447
34	18972309	1037.831303044	2.314728328
34	18990457	1039.051993322	1.220690278
34	19000855	1039.548763229	0.496769907
34	19007437	1039.828116347	0.279353118
34	19013487	1040.222889375	0.394773028
34	19066333	1043.55925682	3.336367445
34	19077358	1044.528127092	0.968870272
34	19082493	1045.152352846	0.624225754
34	19083154	1045.211839252	0.059486406
34	19091291	1045.837323063	0.625483811
34	19105017	1046.804242098	0.966919035
34	19133911	1047.431859412	0.627617314
34	19141839	1047.641287385	0.209427973
34	19207450	1050.276127271	2.634839886
34	19212183	1050.46846077	0.192333499
34	19220070	1051.087934586	0.619473816
34	19220348	1051.115186674	0.027252088
34	19221930	1051.242378204	0.12719153
34	19246545	1052.706308805	1.463930601
34	19267030	1053.702911909	0.996603104
34	19278824	1054.30549534	0.602583431
34	19292553	1054.697302564	0.391807224
34	19308505	1055.353326603	0.656024039
34	19374852	1058.036788334	2.683461731
34	19394448	1058.896203765	0.859415431
34	19395860	1059.067836009	0.171632244
34	19485494	1062.929783405	3.861947396
34	19486815	1063.017572895	0.08778949
34	19549567	1069.156939582	6.139366687
34	19555507	1069.906161784	0.749222202
34	19556441	1069.99876772	0.092605936
34	19596856	1072.812506763	2.813739043
34	19602079	1073.157019155	0.344512392
34	19612653	1073.966875157	0.809856002
34	19699489	1078.88324959	4.916374433
34	19713302	1080.265302627	1.382053037
34	19726077	1081.550828552	1.285525925
34	19726282	1081.579090861	0.028262309
34	19747998	1083.923887602	2.344796741
34	19769853	1085.648442101	1.724554499
34	19799085	1088.364476997	2.716034896
34	19802453	1088.699720756	0.335243759
34	19806827	1089.150182526	0.45046177
34	19810376	1089.554817119	0.404634593
34	19838878	1091.19904356	1.644226441
34	19877675	1093.949895862	2.750852302
34	19897124	1094.984293005	1.034397143
34	19936116	1097.032132029	2.047839024
34	19947254	1097.834716078	0.802584049
34	19967475	1098.805804588	0.97108851
34	19977784	1099.674811123	0.869006535
34	19996471	1101.13206002	1.457248897
34	20013087	1101.991537669	0.859477649
34	20034066	1103.317953413	1.326415744
34	20051586	1104.18141812	0.863464707
34	20108123	1107.44402793	3.26260981
34	20115823	1108.22004468	0.77601675
34	20125572	1109.043614211	0.823569531
34	20143677	1109.882952782	0.839338571
34	20192140	1112.498264655	2.615311873
34	20195073	1112.796150428	0.297885773
34	20198408	1113.135839507	0.339689079
34	20210838	1113.986579671	0.850740164
34	20233460	1115.410741078	1.424161407
34	20290171	1119.028412027	3.617670949
34	20310694	1120.434784118	1.406372091
34	20311187	1120.498180531	0.063396413
34	20391149	1124.876315468	4.378134937
34	20392525	1124.997643965	0.121328497
34	20414097	1126.053536748	1.055892783
34	20414278	1126.072175094	0.018638346
34	20503854	1131.9701423	5.897967206
34	20507183	1132.312334526	0.342192226
34	20568566	1137.487318053	5.174983527
34	20590318	1139.273719937	1.786401884
34	20590683	1139.322553236	0.048833299
34	20595039	1139.777839361	0.455286125
34	20607416	1140.455916918	0.678077557
34	20615209	1141.195245273	0.739328355
34	20628429	1142.187690163	0.99244489
34	20631643	1142.414863631	0.227173468
34	20646736	1143.44394165	1.029078019
34	20666247	1144.733161667	1.289220017
34	20692416	1146.330933624	1.597771957
34	20696088	1146.703436655	0.372503031
34	20698160	1146.916354247	0.212917592
34	20718341	1147.871303153	0.954948906
34	20720333	1147.998784501	0.127481348
34	20724119	1148.40099252	0.402208019
35	2969250	150.870854586	1.968847072
35	2983292	151.659106565	0.788251979
35	2995842	152.398868955	0.73976239
35	3009301	153.142425479	0.743556524
35	3024667	154.642213956	1.499788477
35	3029141	154.994652265	0.352438309
35	3031100	155.286733658	0.292081393
35	3048313	157.212104619	1.925370961
35	3081230	160.297569522	3.085464903
35	3090981	160.398303188	0.100733666
35	3114221	161.408018713	1.009715525
35	3143381	163.733648143	2.32562943
35	3182626	165.871285514	2.137637371
35	3234589	168.705176628	2.833891114
35	3273258	170.605980587	1.900803959
35	3275455	170.74596713	0.139986543
35	3303981	172.701188956	1.955221826
35	3325200	174.607634589	1.906445633
35	3337553	175.525737101	0.918102512
35	3347601	176.177860456	0.652123355
35	3391494	178.576676279	2.398815823
35	3391892	178.59523568	0.018559401
35	3408131	179.580199016	0.984963336
35	3425028	180.291544977	0.711345961
35	3447027	181.337121621	1.045576644
35	3458907	182.309813392	0.972691771
35	3473200	183.080780177	0.770966785
35	3507870	185.189848601	2.109068424
35	3538593	186.390404296	1.200555695
35	3539927	186.448613982	0.058209686
35	3549683	186.871395108	0.422781126
35	3616002	189.910526279	3.039131171
35	3651279	192.32482826	2.414301981
35	3662652	193.004537013	0.679708753
35	3703212	195.263827856	2.259290843
35	3703575	195.285411074	0.021583218
35	3715597	196.552278079	1.266867005
35	3733300	197.88970402	1.337425941
35	3756291	199.724499856	1.834795836
35	3757185	199.821344548	0.096844692
35	3777291	201.140442983	1.319098435
35	3793007	202.093406173	0.95296319
35	3810355	203.749332862	1.655926689
35	3810524	203.773037805	0.023704943
35	3822486	204.84618642	1.073148615
35	3832951	205.458960885	0.612774465
35	3837337	205.978996434	0.520035549
35	3842654	206.457328565	0.478332131
35	3873413	208.645688063	2.188359498
35	3875378	208.798263336	0.152575273
35	3876909	208.898643288	0.100379952
35	3911589	211.384380832	2.485737544
35	3919121	211.815302918	0.430922086
35	3921670	212.044738688	0.22943577
35	3980823	214.583701303	2.538962615
35	4025566	217.119155285	2.535453982
35	4077034	221.32695975	4.207804465
35	4079201	221.611755632	0.284795882
35	4082163	221.933299457	0.321543825
35	4110630	223.305389831	1.372090374
35	4127793	224.060360865	0.754971034
35	4149389	225.273677751	1.213316886
35	4195900	227.122652897	1.848975146
35	4245453	230.027558426	2.904905529
35	4251803	230.55552518	0.527966754
35	4256751	231.071132821	0.515607641
35	4262098	231.583607439	0.512474618
35	4277955	232.723388223	1.139780784
35	4303468	234.641049348	1.917661125
35	4309061	235.174368532	0.533319184
35	4317706	235.993678404	0.819309872
35	4327813	236.509759624	0.51608122
35	4417867	241.963391949	5.453632325
35	4461808	243.856217006	1.892825057
35	4463547	243.992768955	0.136551949
35	4507957	246.347876415	2.35510746
35	4523307	247.144698613	0.796822198
35	4526623	247.238412746	0.093714133
35	4530845	247.311493419	0.073080673
35	4536102	247.492627211	0.181133792
35	4543054	247.898505074	0.405877863
35	4544090	247.972119478	0.073614404
35	4554602	248.576886317	0.604766839
35	4578370	249.816858748	1.239972431
35	4589897	250.340125946	0.523267198
35	4631440	253.776275807	3.436149861
35	4665649	255.580577683	1.804301876
35	4697803	256.759635833	1.17905815
35	4701736	256.847044503	0.08740867
35	4706245	256.950944383	0.10389988
35	4740749	258.408284815	1.457340432
35	4760521	259.554120186	1.145835371
35	4801525	261.95613045	2.402010264
35	4814094	262.658062738	0.701932288
35	4833560	264.341373295	1.683310557
35	4884109	267.203691263	2.862317968
35	4888873	267.466550133	0.26285887
35	4910298	268.386449724	0.919899591
35	4912372	268.447868635	0.061418911
35	4922869	269.003086411	0.555217776
35	4965426	271.182396921	2.17931051
35	5033703	274.66526282	3.482865899
35	5048827	276.066687856	1.401425036
35	5049327	276.09460449	0.027916634
35	5054674	276.62387677	0.52927228
35	5059026	277.160535826	0.536659056
35	5060255	277.360419773	0.199883947
35	5069994	278.571802031	1.211382258
35	5076746	278.81825718	0.246455149
35	5126174	281.620488975	2.802231795
35	5168455	284.446778142	2.826289167
35	5201617	286.014620535	1.567842393
35	5218569	287.26555747	1.250936935
35	5247270	288.409657782	1.144100312
35	5285470	290.937540842	2.52788306
35	5309994	292.19727318	1.259732338
35	5310080	292.204622929	0.007349749
35	5311810	292.367784251	0.163161322
35	5359896	296.43767438	4.069890129
35	5364374	296.914653865	0.476979485
35	5376636	297.445943075	0.53128921
35	5440092	300.678155552	3.232212477
35	5521076	304.077572183	3.399416631
35	5528090	304.407333612	0.329761429
35	5543998	305.171441627	0.764108015
35	5555353	306.037641434	0.866199807
35	5560666	306.330096018	0.292454584
35	5583926	307.683404937	1.353308919
35	5584644	307.713015634	0.029610697
35	5593128	308.197010164	0.48399453
35	5595021	308.418604374	0.22159421
35	5598392	308.789340006	0.370735632
35	5667778	312.708213129	3.918873123
35	5698472	313.540713792	0.832500663
35	5764334	316.84396421	3.303250418
35	5786894	317.828919639	0.984955429
35	5789183	317.879809085	0.050889446
35	5822350	319.707167908	1.827358823
35	5851378	321.309121648	1.60195374
35	5856405	321.737821787	0.428700139
35	5882961	322.697917811	0.960096024
35	5925615	324.302694575	1.604776764
35	5944423	325.090204351	0.787509776
35	5956062	325.611981155	0.521776804
35	5961288	326.06124291	0.449261755
35	5968709	326.612127149	0.550884239
35	5968759	326.615756916	0.003629767
35	6008751	328.499776888	1.884019972
35	6019675	328.862586652	0.362809764
35	6074311	332.818151903	3.955565251
35	6093596	333.78878419	0.970632287
35	6098984	334.084032882	0.295248692
35	6132249	335.247145158	1.163112276
35	6146385	336.161375131	0.914229973
35	6147808	336.240436593	0.079061462
35	6170072	337.61747757	1.377040977
35	6178267	338.10537565	0.48789808
35	6213275	340.726943275	2.621567625
35	6287793	344.539546459	3.812603184
35	6332191	346.333571307	1.794024848
35	6335927	346.439456052	0.105884745
35	6336881	346.484579844	0.045123792
35	6352668	347.218007254	0.73342741
35	6423072	349.883334046	2.665326792
35	6462898	351.673088484	1.789754438
35	6483907	352.972289064	1.29920058
35	6484514	353.027756291	0.055467227
35	6510319	354.28975955	1.262003259
35	6554488	357.205838532	2.916078982
35	6588405	359.618973213	2.413134681
35	6612831	361.435524859	1.816551646
35	6633854	363.511375629	2.07585077
35	6641646	364.312992123	0.801616494
35	6649057	365.094779413	0.78178729
35	6649206	365.122935444	0.028156031
35	6649630	365.190740545	0.067805101
35	6653042	365.626504934	0.435764389
35	6664129	366.283306234	0.6568013
35	6685741	367.677141549	1.393835315
35	6688931	367.855386651	0.178245102
35	6703610	369.068687876	1.213301225
35	6716237	370.481354322	1.412666446
35	6718395	370.767605066	0.286250744
35	6721281	371.07665383	0.309048764
35	6723792	371.297987628	0.221333798
35	6757052	372.843375888	1.54538826
35	6785802	374.320665719	1.477289831
35	6831009	377.815860471	3.495194752
35	6890727	380.925739838	3.109879367
35	6944595	382.801141957	1.875402119
35	6957328	383.353741299	0.552599342
35	6975257	384.342149157	0.988407858
35	6980644	384.727864446	0.385715289
35	7003985	386.347115917	1.619251471
35	7007208	386.635590522	0.288474605
35	7011333	386.916900312	0.28130979
35	7052975	389.121569705	2.204669393
35	7067130	390.045795455	0.92422575
35	7076494	390.829553695	0.78375824
35	7114410	393.358997417	2.529443722
35	7220743	400.661963926	7.302966509
35	7227362	401.027038783	0.365074857
35	7245006	402.194985196	1.167946413
35	7250956	402.624373436	0.42938824
35	7272872	403.805129791	1.180756355
35	7292575	405.049787294	1.244657503
35	7292763	405.057385693	0.007598399
35	7351144	408.29965451	3.242268817
35	7368882	409.472974809	1.173320299
35	7370085	409.589399256	0.116424447
35	7427402	412.357772505	2.768373249
35	7462245	413.606462841	1.248690336
35	7483693	414.717347584	1.110884743
35	7496690	415.436567905	0.719220321
35	7499389	415.604145659	0.167577754
35	7507846	416.229127168	0.624981509
35	7519336	416.800149557	0.571022389
35	7529516	417.678916169	0.878766612
35	7567127	419.147507429	1.46859126
35	7569988	419.444855136	0.297347707
35	7571583	419.592655052	0.147799916
35	7576608	419.779623291	0.186968239
35	7591111	420.701830488	0.922207197
35	7605123	421.480207905	0.778377417
35	7617594	422.31132376	0.831115855
35	7622536	422.472311925	0.160988165
35	7675759	425.483032984	3.010721059
35	7734195	429.148872325	3.665839341
35	7743699	429.495492478	0.346620153
35	7778301	430.970305441	1.474812963
35	7792349	431.56625402	0.595948579
35	7795391	431.697016966	0.130762946
35	7797257	431.796300569	0.099283603
35	7813644	432.994906331	1.198605762
35	7820315	433.21512408	0.220217749
35	7836012	433.930963258	0.715839178
35	7837467	434.039278191	0.108314933
35	7864180	435.096774503	1.057496312
35	7866772	435.267274573	0.17050007
35	7916134	437.988374718	2.721100145
35	7920258	438.296614064	0.308239346
35	7973543	440.486032285	2.189418221
35	7998494	441.598857438	1.112825153
35	8018172	442.961364626	1.362507188
35	8023168	443.254673269	0.293308643
35	8032099	444.092356711	0.837683442
35	8047879	445.385026522	1.292669811
35	8065851	446.332801604	0.947775082
35	8075613	447.291783675	0.958982071
35	8077506	447.421444873	0.129661198
35	8098145	449.191202054	1.769757181
35	8101023	449.434735437	0.243533383
35	8111418	449.76615614	0.331420703
35	8117645	450.361451426	0.595295286
35	8136530	451.899095452	1.537644026
35	8140653	452.300540294	0.401444842
35	8145821	452.712432654	0.41189236
35	8154875	453.414092306	0.701659652
35	8181965	454.822917722	1.408825416
35	8208116	457.004634091	2.181716369
35	8223263	457.455231322	0.450597231
35	8242291	458.35306364	0.897832318
35	8247374	458.844290476	0.491226836
35	8288072	460.810766625	1.966476149
35	8322859	462.988175526	2.177408901
35	8337116	464.085389876	1.09721435
35	8371368	465.529959378	1.444569502
35	8389556	466.723170066	1.193210688
35	8390884	466.849874383	0.126704317
35	8399429	467.353899726	0.504025343
35	8419040	469.028056589	1.674156863
35	8428201	469.791608487	0.763551898
35	8466474	471.789167988	1.997559501
35	8535214	475.086456441	3.297288453
35	8542631	475.552809492	0.466353051
35	8602356	478.912732573	3.359923081
35	8618910	479.996624274	1.083891701
35	8629306	480.317004797	0.320380523
35	8630462	480.387250817	0.07024602
35	8668290	482.418828239	2.031577422
35	8677002	482.665879445	0.247051206
35	8679005	482.750431855	0.08455241
35	8749449	486.953545454	4.203113599
35	8758561	487.383745922	0.430200468
35	8823443	489.595930633	2.212184711
35	8848823	490.747174043	1.15124341
35	8869040	491.758833841	1.011659798
35	8916776	494.539046839	2.780212998
35	8972386	498.068447892	3.529401053
35	8972851	498.07857073	0.010122838
35	9005586	499.412130269	1.333559539
35	9024109	500.302984318	0.890854049
35	9037351	500.887959829	0.584975511
35	9062861	502.45705237	1.569092541
35	9117957	504.991488384	2.534436014
35	9152524	506.86361341	1.872125026
35	9176649	508.200855973	1.337242563
35	9237395	511.639303212	3.438447239
35	9246856	512.124932745	0.485629533
35	9277980	513.655156977	1.530224232
35	9286233	513.89528142	0.240124443
35	9295653	514.47199434	0.57671292
35	9304665	515.136131838	0.664137498
35	9333855	516.749758008	1.61362617
35	9340550	517.314913093	0.565155085
35	9429144	521.350951207	4.036038114
35	9446963	522.23687536	0.885924153
35	9463174	523.536432636	1.299557276
35	9484543	524.769797712	1.233365076
35	9540089	526.920989548	2.151191836
35	9540891	526.933797567	0.012808019
35	9569611	527.695054084	0.761256517
35	9584721	528.247218239	0.552164155
35	9597806	529.012736242	0.765518003
35	9621994	530.06623209	1.053495848
35	9622907	530.131782359	0.065550269
35	9699538	534.077401491	3.945619132
35	9706963	534.379830311	0.30242882
35	9712898	534.724622777	0.344792466
35	9725462	534.990187105	0.265564328
35	9763128	536.287408134	1.297221029
35	9793829	537.849048074	1.56163994
35	9804783	538.711349843	0.862301769
35	9810146	539.145136604	0.433786761
35	9811022	539.291108989	0.145972385
35	9819909	540.167244044	0.876135055
35	9829397	540.974898725	0.807654681
35	9855217	542.959161575	1.98426285
35	9866580	543.751889305	0.79272773
35	9882444	545.497404398	1.745515093
35	9897264	546.950749997	1.453345599
35	9906773	547.954501973	1.003751976
35	9924682	548.846132168	0.891630195
35	9926550	548.922097492	0.075965324
35	9941233	549.473338616	0.551241124
35	9945634	549.792722882	0.319384266
35	9946462	549.875543701	0.082820819
35	9948317	550.087245888	0.211702187
35	9966940	550.803281032	0.716035144
35	9997310	553.002154279	2.198873247
35	9999863	553.383852989	0.38169871
35	10009667	554.249304371	0.865451382
35	10028469	555.112611702	0.863307331
35	10031726	555.252916327	0.140304625
35	10059751	557.189388448	1.936472121
35	10081551	558.847080993	1.657692545
35	10088954	559.757167135	0.910086142
35	10106123	560.580315886	0.823148751
35	10108375	560.88740643	0.307090544
35	10124035	561.677888754	0.790482324
35	10127325	561.774729011	0.096840257
35	10138021	562.369045216	0.594316205
35	10176559	563.97319992	1.604154704
35	10283679	568.320887884	4.347687964
35	10324031	571.172379513	2.851491629
35	10336836	572.116351163	0.94397165
35	10383528	574.294683095	2.178331932
35	10394866	575.03565369	0.740970595
35	10411917	575.983700491	0.948046801
35	10455319	577.817115605	1.833415114
35	10469003	578.151774862	0.334659257
35	10489522	578.976626664	0.824851802
35	10505605	579.592410637	0.615783973
35	10535778	580.308581451	0.716170814
35	10546244	580.732680192	0.424098741
35	10550432	580.939220121	0.206539929
35	10583231	582.085085816	1.145865695
35	10584752	582.223936273	0.138850457
35	10643353	585.430913493	3.20697722
35	10678597	587.190249628	1.759336135
35	10712381	588.079146236	0.888896608
35	10733283	588.982730089	0.903583853
35	10742129	589.225482748	0.242752659
35	10757050	589.915121486	0.689638738
35	10759396	590.054936363	0.139814877
35	10763556	590.174663038	0.119726675
35	10813899	593.058239882	2.883576844
35	10816152	593.205387997	0.147148115
35	10849083	594.737318111	1.531930114
35	10866910	595.838096767	1.100778656
35	10879476	596.557910995	0.719814228
35	10936910	600.082757078	3.524846083
35	10970801	601.992737974	1.909980896
35	10985368	602.648206774	0.6554688
35	11006775	603.536530948	0.888324174
35	11036184	604.51969431	0.983163362
35	11044608	605.060883041	0.541188731
35	11046622	605.188469637	0.127586596
35	11089810	607.832676071	2.644206434
35	11125724	609.727547961	1.89487189
35	11144472	610.778197434	1.050649473
35	11154259	611.210998269	0.432800835
35	11314587	617.358440798	6.147442529
35	11324957	617.752266231	0.393825433
35	11342495	618.728507541	0.97624131
35	11349211	619.086376102	0.357868561
35	11367847	619.802350479	0.715974377
35	11371645	620.114656848	0.312306369
35	11393019	621.292382477	1.177725629
35	11402873	621.475411713	0.183029236
35	11525604	627.897788383	6.42237667
35	11532816	628.578680514	0.680892131
35	11538584	629.082238226	0.503557712
35	11540130	629.269549509	0.187311283
35	11594178	632.485275548	3.215726039
35	11623726	634.445472266	1.960196718
35	11647993	636.059632312	1.614160046
35	11649943	636.204399291	0.144766979
35	11661694	637.083485146	0.879085855
35	11674770	638.244842868	1.161357722
35	11743783	642.331722162	4.086879294
35	11746253	642.60507752	0.273355358
35	11779014	644.578620744	1.973543224
35	11795544	645.723085576	1.144464832
35	11798929	645.86922355	0.146137974
35	11809282	646.914323712	1.045100162
35	11834697	648.773599996	1.859276284
35	11851205	650.252246902	1.478646906
35	11891340	653.071613995	2.819367093
35	11934244	655.118806116	2.047192121
35	11939172	655.370476316	0.2516702
35	11942914	655.528966176	0.15848986
35	11950175	655.735012151	0.206045975
35	11966982	656.96678238	1.231770229
35	11990937	658.615566767	1.648784387
35	11996725	659.198614892	0.583048125
35	12000739	659.612721596	0.414106704
35	12002447	659.731058783	0.118337187
35	12003200	659.768775151	0.037716368
35	12007030	660.151876612	0.383101461
35	12015628	660.785840079	0.633963467
35	12020867	661.064573812	0.278733733
35	12040025	662.17930222	1.114728408
35	12044322	662.329289451	0.149987231
35	12132261	665.980603943	3.651314492
35	12147588	666.520944241	0.540340298
35	12261596	672.51107052	5.990126279
35	12315609	675.926466211	3.415395691
35	12325203	676.765401475	0.838935264
35	12336779	677.293204281	0.527802806
35	12385517	679.690963734	2.397759453
35	12413187	681.490809244	1.79984551
35	12456703	683.924950366	2.434141122
35	12458469	684.071283368	0.146333002
35	12490420	686.025258783	1.953975415
35	12497309	686.245421936	0.220163153
35	12514677	687.187242176	0.94182024
35	12623007	692.683361775	5.496119599
35	12625871	692.832476114	0.149114339
35	12670852	696.228040846	3.395564732
35	12723560	699.768213543	3.540172697
35	12723969	699.809227363	0.04101382
35	12746948	701.207839787	1.398612424
35	12804991	703.98684581	2.779006023
35	12826218	704.797198918	0.810353108
35	12827389	704.897432213	0.100233295
35	12859129	705.691250114	0.793817901
35	12869560	706.053323083	0.362072969
35	12884141	706.776796695	0.723473612
35	12911073	707.788854997	1.012058302
35	12916282	708.280893962	0.492038965
35	12939892	710.077964222	1.79707026
35	12947482	710.685494412	0.60753019
35	12981806	712.811980848	2.126486436
35	12982262	712.858532572	0.046551724
35	12999043	713.743901916	0.885369344
35	13000101	713.857234791	0.113332875
35	13049301	716.099865859	2.242631068
35	13058055	716.692565818	0.592699959
35	13069876	717.584380802	0.891814984
35	13072149	717.886980763	0.302599961
35	13087393	719.680761952	1.793781189
35	13089816	719.900405978	0.219644026
35	13096309	720.886337705	0.985931727
35	13109798	721.702535339	0.816197634
35	13119215	722.731408489	1.02887315
35	13143749	725.113490964	2.382082475
35	13145020	725.303794719	0.190303755
35	13163454	726.184350948	0.880556229
35	13169588	726.96394658	0.779595632
35	13215728	729.275117899	2.311171319
35	13264352	731.246941658	1.971823759
35	13275893	731.78233802	0.535396362
35	13280319	732.163878913	0.381540893
35	13313847	733.14456599	0.980687077
35	13324222	733.65908163	0.51451564
35	13346308	734.905472282	1.246390652
35	13355206	735.569647196	0.664174914
35	13365189	736.021107125	0.451459929
35	13418583	738.454205668	2.433098543
35	13418787	738.47343284	0.019227172
35	13430252	738.722555595	0.249122755
35	13433228	738.822115771	0.099560176
35	13438012	739.08623148	0.264115709
35	13446231	739.583118666	0.496887186
35	13458506	740.40035983	0.817241164
35	13462650	740.632289753	0.231929923
35	13463933	740.676070445	0.043780692
35	13473994	741.373918389	0.697847944
35	13521327	743.282700718	1.908782329
35	13557471	744.431475878	1.14877516
35	13580575	745.356536806	0.925060928
35	13588638	745.884120644	0.527583838
35	13622408	747.580112798	1.695992154
35	13733858	754.281867262	6.701754464
35	13739747	754.732615262	0.450748
35	13749173	755.377792773	0.645177511
35	13761927	756.120554304	0.742761531
35	13766770	756.524845551	0.404291247
35	13799753	758.583777095	2.058931544
35	13800313	758.658759662	0.074982567
35	13800905	758.727013436	0.068253774
35	13815096	759.125800843	0.398787407
35	13817925	759.246967274	0.121166431
35	13822470	759.548397768	0.301430494
35	13856304	760.840611605	1.292213837
35	13902981	763.541611146	2.700999541
35	13924147	764.349711615	0.808100469
35	13966574	766.125198294	1.775486679
35	13969615	766.224661758	0.099463464
35	13971873	766.333077354	0.108415596
35	13984953	766.761031477	0.427954123
35	14024733	768.582432459	1.821400982
35	14077651	771.218974991	2.636542532
35	14096700	771.72369681	0.504721819
35	14101867	771.817753992	0.094057182
35	14117202	772.35267722	0.534923228
35	14127795	772.617609049	0.264931829
35	14216325	776.082883945	3.465274896
35	14216984	776.151897962	0.069014017
35	14217680	776.216512539	0.064614577
35	14218246	776.255534963	0.039022424
35	14221577	776.434246724	0.178711761
35	14249120	777.748492891	1.314246167
35	14253496	777.883028338	0.134535447
35	14344243	781.294362881	3.411334543
35	14373264	783.060862658	1.766499777
35	14380572	783.445660795	0.384798137
35	14429486	785.99608609	2.550425295
35	14459108	787.162589522	1.166503432
35	14473493	787.594161132	0.43157161
35	14500047	788.802717218	1.208556086
35	14554011	791.127021227	2.324304009
35	14591883	792.681038429	1.554017202
35	14653486	795.777722457	3.096684028
35	14661952	796.303041275	0.525318818
35	14669286	796.604456386	0.301415111
35	14689142	797.441717389	0.837261003
35	14692047	797.669493746	0.227776357
35	14702987	798.518420715	0.848926969
35	14724350	799.279423899	0.761003184
35	14736459	799.939118523	0.659694624
35	14745011	800.534583483	0.59546496
35	14764651	801.338107906	0.803524423
35	14771341	801.795632955	0.457525049
35	14772149	801.854653712	0.059020757
35	14850676	805.427953131	3.573299419
35	14873192	806.815137337	1.387184206
35	14927779	808.765909503	1.950772166
35	14929677	808.913320513	0.14741101
35	14943271	809.945014215	1.031693702
35	14981186	811.973183119	2.028168904
35	14995710	813.050035797	1.076852678
35	15001826	813.467721644	0.417685847
35	15008654	813.851301493	0.383579849
35	15008752	813.857214592	0.005913099
35	15027959	814.677892837	0.820678245
35	15060753	817.057980186	2.380087349
35	15083252	817.937383331	0.879403145
35	15090536	818.515282312	0.577898981
35	15110888	819.578519865	1.063237553
35	15130650	821.25389638	1.675376515
35	15140812	821.880397752	0.626501372
35	15146031	822.218361589	0.337963837
35	15197686	825.341323228	3.122961639
35	15221430	826.438637255	1.097314027
35	15238636	827.242206986	0.803569731
35	15287252	830.237748741	2.995541755
35	15299365	831.036612085	0.798863344
35	15304058	831.203841425	0.16722934
35	15347593	833.012982967	1.809141542
35	15369836	833.788606498	0.775623531
35	15397903	835.135270118	1.34666362
35	15417068	836.05208551	0.916815392
35	15431645	837.361721539	1.309636029
35	15436656	837.925413798	0.563692259
35	15478841	840.511988848	2.58657505
35	15497310	841.454787389	0.942798541
35	15510062	841.859710684	0.404923295
35	15520707	842.675900588	0.816189904
35	15591911	846.333075752	3.657175164
35	15592230	846.364001465	0.030925713
35	15602509	846.889052141	0.525050676
35	15610241	847.30719328	0.418141139
35	15619842	848.225253278	0.918059998
35	15624390	848.494050869	0.268797591
35	15639239	849.957502524	1.463451655
35	15648323	850.653564411	0.696061887
35	15654162	851.350533482	0.696969071
35	15669805	852.412548773	1.062015291
35	15674356	852.782150008	0.369601235
35	15694002	854.014136226	1.231986218
35	15704160	854.559198788	0.545062562
35	15718174	855.700616767	1.141417979
35	15816638	860.548680525	4.848063758
35	15827094	861.030828485	0.48214796
35	15836159	862.016999118	0.986170633
35	15836388	862.033965503	0.016966385
35	15840428	862.230733739	0.196768236
35	15840636	862.242695203	0.011961464
35	15858181	863.263029193	1.02033399
35	15859531	863.346903712	0.083874519
35	15924852	866.74885274	3.401949028
35	15928256	866.984653299	0.235800559
35	15930920	867.186022413	0.201369114
35	15954057	868.503113513	1.3170911
35	15973882	869.532433872	1.029320359
35	16081300	874.514701242	4.98226737
35	16084843	874.78202558	0.267324338
35	16158809	878.281643166	3.499617586
35	16161050	878.478195405	0.196552239
35	16193295	879.908197648	1.430002243
35	16241617	881.865344505	1.957146857
35	16275617	883.739704175	1.87435967
35	16308163	885.609225611	1.869521436
35	16320043	886.121862144	0.512636533
35	16333169	887.072884122	0.951021978
35	16345320	887.765538033	0.692653911
35	16393755	890.993312501	3.227774468
35	16400243	891.652162171	0.65884967
35	16400718	891.760104891	0.10794272
35	16406430	892.259468706	0.499363815
35	16428325	893.571359726	1.31189102
35	16442573	894.49338139	0.922021664
35	16450982	895.093634147	0.600252757
35	16454811	895.354663521	0.261029374
35	16494198	896.762610571	1.40794705
35	16506753	897.307514379	0.544903808
35	16522945	898.400539758	1.093025379
35	16544999	899.426683024	1.026143266
35	16603695	902.887607681	3.460924657
35	16657922	905.34300498	2.455397299
35	16662095	905.70049595	0.35749097
35	16676539	906.694121837	0.993625887
35	16721043	908.633228193	1.939106356
35	16744433	909.461392112	0.828163919
35	16749954	909.663368732	0.20197662
35	16760744	909.966600743	0.303232011
35	16776220	910.479823168	0.513222425
35	16788218	911.125607082	0.645783914
35	16906181	917.599624084	6.474017002
35	16910696	917.732965904	0.13334182
35	16918617	918.073212161	0.340246257
35	16928975	918.676196164	0.602984003
35	16931020	918.76735798	0.091161816
35	16934482	919.048421153	0.281063173
35	16956612	920.147941316	1.099520163
35	17015004	922.64091223	2.492970914
35	17016814	922.756353399	0.115441169
35	17059690	925.145168558	2.388815159
35	17083189	927.190503498	2.04533494
35	17083616	927.228010928	0.03750743
35	17107004	929.332050701	2.104039773
35	17131078	930.665152481	1.33310178
35	17142162	931.21308615	0.547933669
35	17146623	931.505506227	0.292420077
35	17148706	931.788892844	0.283386617
35	17148738	931.801244042	0.012351198
35	17188485	933.513550835	1.712306793
35	17285639	937.620985088	4.107434253
35	17293177	937.988858531	0.367873443
35	17377973	942.781740389	4.792881858
35	17401392	944.039216276	1.257475887
35	17457348	945.666775159	1.627558883
35	17499912	947.138601472	1.471826313
35	17505647	947.338995655	0.200394183
35	17512390	947.52582092	0.186825265
35	17621913	952.975977826	5.450156906
35	17687243	955.913316583	2.937338757
35	17695261	956.556781357	0.643464774
35	17751673	960.316032442	3.759251085
35	17754338	960.382895053	0.066862611
35	17769674	961.028147609	0.645252556
35	17786155	961.669656094	0.641508485
35	17804448	962.48882218	0.819166086
35	17853708	964.293963305	1.805141125
35	17878905	965.438193881	1.144230576
35	17885631	965.900652419	0.462458538
35	17894937	966.744177819	0.8435254
35	17913907	968.166673271	1.422495452
35	17981140	971.716466265	3.549792994
35	18004794	972.687660659	0.971194394
35	18055957	976.691532341	4.003871682
35	18059615	977.102939089	0.411406748
35	18062195	977.318948863	0.216009774
35	18112996	979.66216273	2.343213867
35	18131789	980.410987326	0.748824596
35	18163434	982.426644774	2.015657448
35	18166309	982.679490562	0.252845788
35	18168330	982.912727607	0.233237045
35	18184778	984.167711818	1.254984211
35	18188568	984.586855368	0.41914355
35	18199310	985.616435335	1.029579967
35	18210512	986.105010121	0.488574786
35	18224731	987.39757741	1.292567289
35	18272714	992.450382787	5.052805377
35	18283250	993.793494792	1.343112005
35	18290243	994.554544968	0.761050176
35	18290742	994.623770754	0.069225786
35	18297957	995.405897438	0.782126684
35	18299943	995.588541202	0.182643764
35	18304503	996.038220501	0.449679299
35	18316444	997.18276372	1.144543219
35	18325635	997.827484859	0.644721139
35	18337563	998.679273964	0.851789105
35	18339715	999.064962992	0.385689028
35	18345579	999.554879337	0.489916345
35	18346203	999.591567909	0.036688572
35	18398810	1002.422483308	2.830915399
35	18402980	1002.580271764	0.157788456
35	18442447	1004.379038133	1.798766369
35	18458516	1005.048005806	0.668967673
35	18462163	1005.188516778	0.140510972
35	18467274	1005.584802603	0.396285825
35	18468861	1005.708132642	0.123330039
35	18486068	1006.768042091	1.059909449
35	18488366	1006.916263578	0.148221487
35	18504771	1008.334789137	1.418525559
35	18517481	1008.780051924	0.445262787
35	18524887	1009.341698262	0.561646338
35	18526833	1009.54894964	0.207251378
35	18526963	1009.559377199	0.010427559
35	18592365	1014.219956909	4.66057971
35	18617762	1017.245303433	3.025346524
35	18632985	1019.263966046	2.018662613
35	18637511	1019.726007191	0.462041145
35	18644899	1020.49945966	0.773452469
35	18645516	1020.645371076	0.145911416
35	18654608	1021.161094782	0.515723706
35	18779173	1026.259195837	5.098101055
35	18808675	1028.129360273	1.870164436
35	18825762	1029.176500322	1.047140049
35	18855103	1032.239071348	3.062571026
35	18896391	1034.449430365	2.210359017
35	18932489	1035.87995187	1.430521505
35	18944778	1036.858145138	0.978193268
35	19019750	1040.668091225	3.809946087
35	19057710	1042.70403274	2.035941515
35	19129823	1047.213748188	4.509715448
35	19194446	1049.971369196	2.757621008
35	19214495	1050.565721835	0.594352639
35	19262352	1053.470981959	2.905260124
35	19290052	1054.597922097	1.126940138
35	19291187	1054.638284738	0.040362641
35	19308512	1055.353326603	0.715041865
35	19375045	1058.046759306	2.693432703
35	19387966	1058.597773483	0.551014177
35	19400024	1059.29092091	0.693147427
35	19414686	1059.727105737	0.436184827
35	19444668	1060.975918588	1.248812851
35	19447389	1061.089221014	0.113302426
35	19466284	1062.129466583	1.040245569
35	19467403	1062.152006266	0.022539683
35	19489784	1063.225977567	1.073971301
35	19494739	1063.76712748	0.541149913
35	19513233	1065.391479364	1.624351884
35	19514051	1065.469606082	0.078126718
35	19518220	1065.866387419	0.396781337
35	19540978	1068.418017733	2.551630314
35	19595323	1072.519647274	4.101629541
35	19624622	1074.728358085	2.208710811
35	19644632	1075.542063019	0.813704934
35	19658251	1076.549456912	1.007393893
35	19687229	1078.006483691	1.457026779
35	19712841	1080.202616988	2.196133297
35	19713436	1080.280598694	0.077981706
35	19717750	1080.64529027	0.364691576
35	19735236	1082.380063659	1.734773389
35	19741974	1083.204134702	0.824071043
35	19747972	1083.91681307	0.712678368
35	19769368	1085.606341911	1.689528841
35	19772121	1085.985317068	0.378975157
35	19789181	1087.317918064	1.332600996
35	19792518	1087.74579744	0.427879376
35	19794611	1088.060047836	0.314250396
35	19815254	1090.339748128	2.279700292
35	19844814	1091.387824759	1.048076631
35	19850283	1091.696234736	0.308409977
35	19862201	1092.670936776	0.97470204
35	19876285	1093.781315206	1.11037843
35	19876353	1093.788043812	0.006728606
35	19879032	1094.084640185	0.296596373
35	19908364	1095.85089619	1.766256005
35	19928202	1096.525075988	0.674179798
35	19929643	1096.56304508	0.037969092
35	19948981	1097.906870045	1.343824965
35	19968722	1098.881416215	0.97454617
35	19977994	1099.692229337	0.810813122
35	19993236	1101.022626047	1.33039671
35	19996297	1101.128367613	0.105741566
35	20013244	1102.00092008	0.872552467
35	20052602	1104.235701267	2.234781187
35	20082954	1105.623235678	1.387534411
35	20085143	1105.795803392	0.172567714
35	20086381	1105.857768432	0.06196504
35	20090967	1106.20903378	0.351265348
35	20094732	1106.584317884	0.375284104
35	20173335	1111.732882508	5.148564624
35	20189420	1112.274364974	0.541482466
35	20221771	1114.502192753	2.227827779
35	20233129	1115.357768073	0.85557532
35	20238282	1116.000842863	0.64307479
35	20278616	1117.858591474	1.857748611
35	20281083	1118.057238592	0.198647118
35	20281901	1118.120645105	0.063406513
35	20285583	1118.529085756	0.408440651
35	20295515	1119.25880586	0.729720104
35	20303729	1119.764136339	0.505330479
35	20332735	1121.46928928	1.705152941
35	20342252	1122.06261466	0.59332538
35	20349643	1122.765646561	0.703031901
35	20391582	1124.915440834	2.149794273
35	20432724	1127.244242121	2.328801287
35	20470536	1129.171681792	1.927439671
35	20501493	1131.766797427	2.595115635
35	20516609	1132.922578318	1.155780891
35	20523591	1133.713088051	0.790509733
35	20529133	1134.170244543	0.457156492
35	20535330	1134.678079226	0.507834683
35	20553808	1136.352742958	1.674663732
35	20557923	1136.86673767	0.513994712
35	20558257	1136.896522791	0.029785121
35	20568649	1137.492388119	0.595865328
35	20576523	1138.215248108	0.722859989
35	20583923	1138.745310689	0.530062581
35	20589661	1139.210855664	0.465544975
35	20600411	1140.077943823	0.867088159
35	20618164	1141.461849494	1.383905671
35	20651794	1143.908454146	2.446604652
35	20669713	1144.993622377	1.085168231
35	20687304	1145.902818197	0.90919582
35	20708030	1147.314021894	1.411203697
35	20722634	1148.275227351	0.961205457
