version 2
run PastryDHT-9-20211207-00:34:19-4724
attr Lifetime 1000s
attr configname PastryDHT
attr datetime 20211207-00:34:19
attr experiment PastryDHT
attr inifile configs.ini
attr iterationvars $Lifetime=1000s
attr iterationvars2 "$Lifetime=1000s, $repetition=0"
attr measurement $Lifetime=1000s
attr network oversim.underlay.simpleunderlay.SimpleUnderlayNetwork
attr processid 4724
attr repetition 0
attr replication #0
attr resultdir results
attr runnumber 9
attr seedset 9

vector 55  SimpleUnderlayNetwork.globalObserver.globalStatistics  "GlobalNodeList: Number of nodes"  ETV
vector 56  SimpleUnderlayNetwork.globalObserver.globalStatistics  "GlobalDhtTestMap: Number of stored DHT entries"  ETV
vector 57  SimpleUnderlayNetwork.globalObserver.globalStatistics  "LifetimeChurn: Session Time"  ETV
vector 58  SimpleUnderlayNetwork.globalObserver.globalStatistics  "LifetimeChurn: Time between creates"  ETV
vector 59  SimpleUnderlayNetwork.globalObserver.globalStatistics  "LifetimeChurn: Time between deletes"  ETV
55	2584311	150	512
55	3277704	200	525
55	3801513	250	515
55	4442566	300	516
55	5051658	350	515
55	5575789	400	513
55	6293678	450	516
55	6882055	500	503
55	7526795	550	492
55	8183863	600	497
55	8730421	650	493
55	9303324	700	500
55	9918103	750	500
55	10525104	800	504
55	11157141	850	500
55	11768291	900	496
55	12508386	950	510
55	13280820	1000	512
55	13932132	1050	521
55	14523861	1100	514
56	2584312	150	774
56	2723806	160	877
56	2844350	170	939
56	2982592	180	992
56	3113409	190	1071
56	3277705	200	1163
56	3390360	210	1252
56	3491616	220	1363
56	3600187	230	1428
56	3690474	240	1489
56	3801514	250	1561
56	3951844	260	1639
56	4109158	270	1743
56	4187667	280	1844
56	4301190	290	1920
56	4442567	300	1990
56	4577301	310	2057
56	4735321	320	2140
56	4857266	330	2236
56	4948742	340	2337
56	5051659	350	2414
56	5146485	360	2470
56	5252716	370	2467
56	5344641	380	2456
56	5492139	390	2449
56	5575790	400	2454
56	5713298	410	2448
56	5824673	420	2469
56	5919994	430	2469
56	6113561	440	2474
56	6293679	450	2441
56	6418968	460	2429
56	6544985	470	2447
56	6656153	480	2466
56	6774240	490	2458
56	6882056	500	2456
56	6992133	510	2454
56	7119482	520	2423
56	7294081	530	2444
56	7400502	540	2459
56	7526796	550	2452
56	7680119	560	2460
56	7812880	570	2445
56	7939623	580	2414
56	8066435	590	2421
56	8183864	600	2433
56	8302127	610	2433
56	8425981	620	2429
56	8497815	630	2425
56	8609214	640	2402
56	8730422	650	2408
56	8815286	660	2399
56	8931195	670	2416
56	9047032	680	2408
56	9154968	690	2388
56	9303325	700	2385
56	9427082	710	2389
56	9563049	720	2402
56	9641843	730	2397
56	9751796	740	2379
56	9918104	750	2391
56	10040532	760	2381
56	10186019	770	2392
56	10284571	780	2386
56	10406270	790	2386
56	10525105	800	2375
56	10629872	810	2375
56	10758418	820	2391
56	10896412	830	2384
56	11008567	840	2370
56	11157142	850	2382
56	11292309	860	2385
56	11438704	870	2387
56	11539307	880	2396
56	11631676	890	2386
56	11768292	900	2366
56	11946623	910	2383
56	12099413	920	2378
56	12248847	930	2377
56	12376737	940	2385
56	12508387	950	2382
56	12666084	960	2400
56	12804086	970	2379
56	12971131	980	2380
56	13141838	990	2400
56	13280821	1000	2398
56	13399088	1010	2398
56	13515583	1020	2400
56	13645267	1030	2393
56	13811883	1040	2392
56	13932133	1050	2409
56	14020104	1060	2426
56	14124114	1070	2415
56	14279798	1080	2418
56	14432950	1090	2418
56	14523862	1100	2425
56	14638136	1110	2438
56	14785927	1120	2425
56	14929045	1130	2421
56	15082930	1140	2408
57	2587915	150.22123188	595.976850781
57	2611413	152.044023017	631.81030642
57	2647931	154.624835938	418.084683971
57	2650418	154.84740435	2074.419760629
57	2659647	156.122826277	950.283169781
57	2666439	156.573806329	2971.057628472
57	2687666	157.908986566	1921.915396945
57	2729799	160.506631778	2930.184632931
57	2747010	162.281874854	250.94806467
57	2807011	165.759412096	1550.812462215
57	2807584	165.830015361	727.55072791
57	2835338	168.435752958	242.323791707
57	2848342	171.005550053	680.084610187
57	2849282	171.213445822	150.349573021
57	2849389	171.237374041	1000.138194063
57	2869524	172.903824144	1776.363816718
57	2882933	173.493726454	806.491726192
57	2921894	175.960055795	869.720846979
57	2926599	176.489086759	5.857084586
57	2931037	177.232145565	2521.74750577
57	2959350	178.470468478	2032.611548745
57	3016415	181.951068402	254.884217574
57	3028257	183.010700772	1846.274120412
57	3032952	183.618606961	640.237895036
57	3047616	184.371271856	127.502778464
57	3089578	187.310684933	352.782922145
57	3091189	187.374505637	177.460649643
57	3095025	188.048154125	2024.380919288
57	3097751	188.423346097	679.809766456
57	3104968	189.454403009	1370.238012991
57	3131268	190.98754306	61.006678927
57	3146631	191.913498091	350.004714596
57	3181654	194.000652043	426.378042235
57	3202672	195.517390299	850.408945068
57	3216626	196.23216369	1723.074651068
57	3218011	196.274764614	2848.09239943
57	3224974	196.961754218	21.20871561
57	3272023	199.325783986	19.190661965
57	3277341	199.936796832	689.891714067
57	3301206	202.160740173	2836.095788637
57	3312903	203.636572231	961.505083697
57	3313398	203.669814771	943.517415175
57	3375784	208.486504343	1157.365679979
57	3413410	212.002007513	282.891475281
57	3432708	214.037582796	17.468166653
57	3467882	217.649046102	149.508157427
57	3495386	220.669055424	961.478277753
57	3503693	221.627853074	319.149977781
57	3518379	223.108660565	1712.819028438
57	3565554	226.66752929	161.351533686
57	3579868	228.073430214	403.049016726
57	3595494	229.473009496	243.677322892
57	3622843	231.650262171	224.441476705
57	3661980	236.302891301	187.624183816
57	3689469	239.76375068	379.522834688
57	3705316	241.951372153	1030.449983274
57	3708112	242.354801669	417.331991652
57	3738123	244.841495857	42.724249358
57	3741233	245.124857364	564.34871609
57	3746042	245.47650868	213.894543075
57	3798516	249.918616353	1282.506291581
57	3814941	251.150550613	140.61016436
57	3840676	252.283825359	2467.716856827
57	3863044	253.735926601	10.039895226
57	3885851	255.232033139	3943.026194928
57	3898904	256.263092797	2059.054109361
57	3899708	256.32462396	2127.733098088
57	3915125	257.588952555	235.345119074
57	3955697	260.431414622	20.337294643
57	3969607	261.318130618	44.52683166
57	3975829	261.955164519	797.218222532
57	3993732	262.773824874	256.123105909
57	4042265	265.524481513	363.390260989
57	4046772	265.751557322	536.920864516
57	4093639	268.875882539	2787.308975526
57	4150229	274.870605243	1212.340566077
57	4162388	276.5368572	427.812291722
57	4181012	279.352959377	571.488281194
57	4181589	279.452023585	83.635437768
57	4216187	282.435355584	98.634891072
57	4236922	284.10987777	232.149508615
57	4253839	284.912969251	560.224742148
57	4276547	287.384688965	228.600442839
57	4306912	290.877895221	2326.009098961
57	4313971	291.569431358	1100.548841569
57	4319472	292.513336826	608.066489291
57	4363543	295.135224503	1346.52295184
57	4366354	295.287705048	322.295830954
57	4395190	296.615210905	13.411544927
57	4403804	297.468837936	2568.055511941
57	4459715	301.151156367	162.536496751
57	4483757	302.275731127	694.373266954
57	4532595	305.517741613	883.08418267
57	4539101	306.147426186	118.710108108
57	4557952	308.121037429	565.891968352
57	4571421	309.370986784	1964.890983576
57	4575153	309.754100993	279.501414992
57	4579000	310.107262265	795.458450146
57	4628742	313.409010641	6.114299775
57	4641011	314.239408941	1278.519145812
57	4662803	315.292103687	206.188081595
57	4667674	315.605993604	733.539971189
57	4715301	318.616654862	403.529846812
57	4717637	318.810831375	1791.221477161
57	4766304	321.320711283	206.713999103
57	4768998	321.662685148	1843.286889537
57	4771093	321.912484843	162.122693713
57	4858824	330.194349287	1489.98439419
57	4882044	332.580024778	416.111774843
57	4906645	334.718108665	131.72547723
57	4949027	340.16095662	1296.136501381
57	4958949	341.869891772	181.638655788
57	4967301	342.485275903	384.715367733
57	4972067	342.866586664	454.726776821
57	4993380	345.442785754	438.274895636
57	5063871	352.090560382	1097.428163537
57	5069406	352.750886102	281.706631711
57	5109433	357.408708687	7.890122617
57	5168982	362.108101918	2759.746266061
57	5191565	365.45796454	383.298975898
57	5192275	365.587597501	845.084056514
57	5194452	365.815168557	296.481410579
57	5201664	366.505417879	222.554288519
57	5246971	369.743544233	1365.579424288
57	5297600	374.706471253	551.323940481
57	5309627	376.106884177	219.497105306
57	5334823	378.845833803	982.333340779
57	5334892	378.85678679	66.308721486
57	5338308	379.18640804	56.856260519
57	5358189	381.511939094	1971.346440134
57	5386553	383.75111214	343.263905285
57	5388444	383.834890524	4978.777123873
57	5400551	384.856013634	260.377314185
57	5452751	387.488594344	2719.668707432
57	5495404	390.694085615	416.53511183
57	5504783	391.960780497	435.389177703
57	5524756	395.215474167	1710.836162656
57	5594686	400.738551044	109.07954392
57	5629684	405.021086739	1186.095211035
57	5635678	405.703609069	1075.229981279
57	5643216	406.395002347	1173.217734401
57	5647804	406.871895548	1292.253796597
57	5650557	407.350794687	414.642929704
57	5697239	409.427944383	124.447179412
57	5718142	410.440086474	144.942242913
57	5735824	411.734182237	2297.644997349
57	5788985	416.66004537	25.419162174
57	5790912	416.919613527	968.85359001
57	5850370	423.073910484	923.416306718
57	5879961	426.264905245	1022.303811485
57	5883552	426.662814774	1295.378032522
57	5907367	428.672165017	1123.363677123
57	5913392	429.247131989	298.190345763
57	5951736	431.953353837	809.234581044
57	5957458	432.326812917	35.090700897
57	5990333	433.791557163	2295.600003551
57	6017402	435.302661036	535.026666345
57	6037590	436.586438933	286.083613535
57	6038762	436.696679133	12.57804889
57	6052058	437.216938127	768.026489211
57	6053437	437.241782231	1237.474993785
57	6105265	439.356884304	1926.923125362
57	6132872	441.250335653	2245.881971322
57	6138723	441.692895977	335.228725237
57	6141894	442.069570095	877.80979775
57	6156287	442.945279224	545.246234107
57	6177005	444.078337231	775.423439456
57	6178790	444.208847378	685.151903685
57	6202132	444.849185095	127.288982413
57	6300732	450.64695944	39.64958164
57	6314639	451.880912885	1179.846833003
57	6335406	453.236486702	419.977119653
57	6381921	456.666566769	1220.099943748
57	6405702	458.647169317	2006.635830501
57	6470292	463.834984941	3039.319766575
57	6475134	464.519023915	179.151617926
57	6503301	466.612284843	1401.832284744
57	6505561	466.768012901	2125.33352516
57	6530029	468.61014013	3322.575372352
57	6543123	469.77485732	1630.876256005
57	6653777	479.652066412	340.609201587
57	6664755	481.209527881	201.771631573
57	6665074	481.245490368	1535.326948228
57	6667608	481.494988039	364.703306106
57	6677689	482.897769897	917.349775143
57	6699218	484.518817804	242.667000487
57	6765627	488.972318413	2287.766475612
57	6818834	495.448174531	2395.770022713
57	6824989	495.935180284	49.208886173
57	6835825	497.172705648	1848.158594898
57	6903660	501.249607258	29.13056181
57	6905771	501.394240599	353.359235992
57	6993023	510.241527198	69.711809439
57	6994357	510.593732695	1069.501130249
57	6996204	510.947223677	2518.559329283
57	7004344	511.765695934	458.332139295
57	7005494	512.058601212	976.897433072
57	7049407	515.54278964	364.879925286
57	7079001	517.591926625	1660.694234293
57	7079850	517.625681283	1781.043193735
57	7092943	518.882855401	1019.030343919
57	7112055	519.77077803	332.439837021
57	7152740	521.551913831	1625.831039248
57	7182541	523.31028564	557.198254746
57	7192629	523.972144831	288.329513933
57	7265729	527.779885789	1316.677566685
57	7285597	529.342327965	160.109828659
57	7328023	533.139770206	1067.523488083
57	7405231	540.576544147	164.869795219
57	7428470	542.414947837	37.519380163
57	7486956	546.976985179	342.459055089
57	7488896	547.177919952	343.428001036
57	7528624	550.232146972	416.799765037
57	7553325	552.038266537	53.753869406
57	7575158	553.992112807	87.804040668
57	7579959	554.178141975	1417.381965432
57	7586518	554.586633129	408.992739458
57	7587529	554.651696528	1624.262902369
57	7595574	555.120979529	207.33370701
57	7673647	559.420629362	340.144876423
57	7694469	560.830724167	755.968722983
57	7727125	563.499032592	335.129877748
57	7760145	565.999475522	819.728219414
57	7807891	569.711467305	805.365719279
57	7867661	575.374260459	1616.420469833
57	7868239	575.443886924	1113.630157434
57	7905887	577.755486954	1403.722622571
57	7946124	580.331878664	38.214210121
57	7992391	583.641022185	421.61663836
57	8000884	584.303157967	780.842178059
57	8016542	586.130827596	24.06935489
57	8034538	587.268262026	1280.142027366
57	8056155	588.801394383	1287.499514987
57	8102779	593.589276301	417.441380673
57	8143536	596.859182744	763.395218423
57	8163314	598.534548876	194.564298457
57	8211818	602.339016425	152.71140457
57	8277622	607.710029249	1486.09933404
57	8309035	611.045207607	124.075989942
57	8336509	613.687405694	469.519216709
57	8343358	614.498543175	554.198357859
57	8344476	614.748601804	1832.528227507
57	8387641	617.262354927	1985.860856539
57	8391183	617.62339774	955.886805448
57	8434268	621.116306675	110.482632095
57	8469012	626.523880366	885.434659208
57	8478918	628.244531397	741.331959629
57	8479681	628.340575222	120.230553752
57	8522243	633.392979908	418.42853609
57	8563706	636.561145525	1284.698658174
57	8573423	637.355601499	1004.220963867
57	8580840	638.316077237	570.177786362
57	8601867	639.348537606	1328.321045255
57	8606489	639.71262877	300.674674972
57	8661698	642.450297597	1437.566145912
57	8736926	650.847557727	1091.482758224
57	8745522	652.242891083	1314.238181435
57	8758286	652.929434167	707.515116679
57	8785130	655.228674155	583.569652826
57	8796291	657.288367334	1234.085279195
57	8814445	659.810503804	2401.866158588
57	8819205	660.503194929	525.091842184
57	8835357	661.504842791	2573.288490859
57	8841951	662.542091407	1129.575196334
57	8903779	666.65809751	1106.57164186
57	8933350	670.26687866	803.583772682
57	8934339	670.411816053	1542.012137323
57	8993865	674.588132066	1630.251908607
57	9076067	684.459343183	1983.258655312
57	9078315	684.827280969	44.705555293
57	9101272	686.45984865	355.89727015
57	9121584	687.321568031	1053.933220101
57	9123372	687.419906094	393.704095486
57	9138640	688.592381604	1057.611700382
57	9202382	692.818846238	1171.627515507
57	9219135	694.198332235	855.382200957
57	9232852	695.125468345	1073.99960274
57	9253164	696.501130168	22.532308961
57	9273606	697.590658218	2402.142588761
57	9290087	699.436269002	296.579683648
57	9308795	700.605171763	580.121214984
57	9364924	703.926373343	1085.802375857
57	9382060	705.838097921	2380.422146736
57	9390589	706.32814476	95.946906899
57	9391739	706.523830666	481.049987751
57	9416053	708.617321717	883.864133364
57	9425358	709.834990805	1689.928856034
57	9521835	715.336497433	666.247589162
57	9528237	716.256243644	196.598451939
57	9607158	725.267322328	2909.874190074
57	9629173	727.736680915	333.381652782
57	9641818	729.996069138	2056.837157457
57	9670385	734.186494866	388.622790899
57	9687311	735.843369957	1202.327219688
57	9687350	735.848136436	216.531964324
57	9703041	736.87523424	2159.254675976
57	9706235	737.216160682	337.477333751
57	9727165	738.22081178	1033.001394962
57	9754025	740.131976086	98.456166967
57	9773512	741.630978858	875.036031786
57	9776833	742.099939523	4120.47543807
57	9779230	742.215936652	524.421247158
57	9787599	743.232881741	469.33055876
57	9789286	743.363039725	30.329462293
57	9837927	745.567174465	768.125863077
57	9840862	745.989291756	1007.262351073
57	9848130	746.239582482	583.826854783
57	9870505	747.113858905	1810.46982085
57	9903350	748.620187082	174.85656723
57	9926590	750.465388776	8.855978145
57	9936155	751.642393804	314.613232491
57	9963858	753.809433196	1354.120755763
57	9973385	754.759287916	211.940813177
57	9983453	755.945027482	455.353662511
57	9986828	756.427406155	1346.724958872
57	9998263	756.917991867	161.8312557
57	10009268	757.935797128	19.532506586
57	10045333	760.110209321	2179.078933288
57	10057583	761.5109745	362.91451954
57	10138284	765.699264828	1006.983800788
57	10143101	766.069359004	453.665424241
57	10144685	766.22893304	593.238476381
57	10254688	776.589434255	62.728457493
57	10272956	778.598687746	492.097588736
57	10273933	778.691946461	173.193328733
57	10280460	779.594361116	39.709709094
57	10311041	781.590944343	1889.95375961
57	10315122	781.90286386	868.161445382
57	10378100	787.072534572	839.517909917
57	10397417	788.793347854	701.030579293
57	10406128	789.975927458	1760.339297484
57	10419553	790.996888043	288.201142256
57	10422146	791.322832342	22.86352034
57	10423422	791.578937411	644.590551239
57	10480943	794.803452645	2333.482321341
57	10501355	796.473026599	1247.448721774
57	10530580	800.746290615	824.038227168
57	10565630	803.123940469	678.727220161
57	10616241	808.637459009	1218.575596417
57	10622565	809.427108436	2276.046234704
57	10624302	809.668373417	54.656649299
57	10723226	817.121701804	214.697610485
57	10724998	817.339222424	981.223568903
57	10768309	820.911753927	2451.773652449
57	10853924	825.884655987	592.921223304
57	10873370	828.243501314	142.718310839
57	10888256	829.40121603	1441.885241706
57	10924121	832.195373452	1051.224160367
57	10969468	836.611256189	3356.936899133
57	10976082	837.709496511	333.867442127
57	11013034	840.508456974	969.126359358
57	11017403	841.019631578	2781.047167572
57	11018541	841.119623154	533.988825096
57	11038143	843.126826596	44.135698856
57	11039957	843.38436038	972.112175763
57	11041689	843.600813179	39.499834089
57	11106129	847.468780874	77.305319349
57	11117647	847.96531835	1008.170330241
57	11122986	848.218386082	474.869174131
57	11185081	850.906006127	2347.172465135
57	11189729	851.301246786	625.3144101
57	11246127	855.150767423	335.679236915
57	11272605	857.889499798	288.654719427
57	11283881	859.196434461	1672.645797441
57	11287926	859.491277185	63.88714603
57	11318091	861.774042967	532.823373904
57	11325766	862.219625818	717.572045911
57	11375976	864.781310578	3512.177197988
57	11382631	865.477787983	240.099551596
57	11496588	876.657811417	975.872551374
57	11497045	876.723516122	694.184817186
57	11501103	877.259759602	221.406686358
57	11598435	886.328027257	85.027433081
57	11601205	886.761413447	651.275308456
57	11605300	887.343298775	175.563119033
57	11631233	889.917806808	275.217046843
57	11658356	892.456232137	560.641661352
57	11681170	893.398113464	301.989643162
57	11691647	894.29985788	2564.197758122
57	11747034	898.324639543	96.264262826
57	11747916	898.425278109	213.447608815
57	11749046	898.540737338	96.096951328
57	11756038	899.146081162	262.406191928
57	11766328	899.816798587	361.784676858
57	11825359	903.978520457	89.544623254
57	11832766	904.443367766	3378.34651631
57	11840544	904.823286132	349.783720569
57	11872820	906.43587214	47.230438996
57	11881020	906.787864995	2512.428594133
57	11885522	907.011860078	630.109894719
57	11909426	908.638011779	823.725286773
57	11975813	911.728140471	16.602362692
57	11988738	913.090711436	318.439701919
57	12003969	913.679519967	1860.978104054
57	12036791	915.99783998	2211.318918045
57	12111723	921.521111376	148.919181635
57	12121907	922.102929789	69.326141326
57	12135159	923.270926197	261.989283264
57	12155827	924.550355871	231.661028042
57	12157932	924.700964106	47.641037019
57	12175140	925.67111488	1599.861039957
57	12198196	926.802946942	1100.337011552
57	12224603	928.508022184	2318.029058947
57	12241818	929.551589595	663.790715252
57	12249243	930.088035631	1083.19570531
57	12261611	931.249415399	219.744884474
57	12316281	934.953529063	303.057472295
57	12377709	940.137343276	1331.652255004
57	12389515	941.35002492	623.1293592
57	12402233	942.932234469	130.892578443
57	12405723	943.52948203	1439.989377043
57	12416774	944.011967353	1225.579933998
57	12420378	944.437209463	1698.527884294
57	12444065	945.585595164	393.864120811
57	12448432	945.879682253	1780.796752637
57	12490399	948.784458867	989.69911841
57	12497696	949.183318286	193.224043872
57	12521755	950.951624582	451.884004387
57	12576877	953.475571441	486.948742088
57	12617363	956.472345505	2979.920698094
57	12621277	956.904147118	421.572158838
57	12626422	957.311081065	356.412543042
57	12632085	957.730999622	1326.335283551
57	12645901	958.889035684	1161.290615617
57	12656561	959.19190203	1193.161129631
57	12665510	959.970144671	770.359614424
57	12747322	965.668792879	45.607175266
57	12771296	968.060661046	906.085272843
57	12772020	968.101889955	496.036437676
57	12812038	970.522050263	451.43859897
57	12839391	971.725944254	262.892320154
57	12842211	971.930460334	1019.16913927
57	12851219	972.668097922	66.566733154
57	12855608	973.001959081	84.968061561
57	12886111	975.000299904	953.278672813
57	12889311	975.122828987	4681.23397079
57	12966607	979.644216421	371.332264738
57	12982278	981.108951322	422.716776285
57	12994310	982.368614764	6.26002627
57	13015314	983.230433987	421.867009713
57	13031316	984.563467752	1500.28495985
57	13033404	984.730136751	686.58185813
57	13080354	986.8142403	1488.986130546
57	13080873	986.836875873	151.68318462
57	13099583	987.768079122	1515.216106412
57	13157041	990.976567049	1763.034900498
57	13164124	991.470839231	397.243185571
57	13182663	992.318642668	2342.568238779
57	13194332	992.988323611	174.436767174
57	13269418	998.565415837	330.667455081
57	13276469	999.492343866	811.140992361
57	13294810	1000.733881333	711.256678521
57	13301188	1001.384701462	1503.625910988
57	13303991	1001.717843716	3145.439399478
57	13307094	1002.001180253	989.45221174
57	13339465	1004.13138616	2038.504507275
57	13463518	1016.797678172	308.345204145
57	13465835	1017.00775665	2062.944638431
57	13468736	1017.373903849	1190.780400113
57	13539168	1021.740094352	62.415874431
57	13554771	1023.193092478	1811.526103361
57	13559578	1023.562133216	23.366988828
57	13573963	1024.98419575	502.352066259
57	13575848	1025.035802906	1434.561647972
57	13611523	1027.785126911	44.886167954
57	13628254	1028.960893588	1830.831619303
57	13629032	1029.082383753	336.629918238
57	13649345	1030.362469476	428.192881626
57	13681997	1031.634884004	1981.23264525
57	13704668	1032.86537087	4239.756377664
57	13706112	1032.981258098	334.346105702
57	13716227	1033.990206093	1956.842778177
57	13794456	1038.388677445	828.405097825
57	13815278	1040.32662303	1301.514113908
57	13852335	1043.557108743	448.881183814
57	13863458	1044.699492408	1729.481252071
57	13864624	1044.836450867	628.274436484
57	13868552	1045.098698702	745.596022325
57	13965793	1053.180665964	952.572839035
57	14012077	1058.750987306	485.935859794
57	14038040	1061.706704441	100.356526896
57	14078661	1065.783440889	331.015742126
57	14091984	1067.404677483	1614.144672585
57	14102758	1067.970687106	477.414210367
57	14114450	1069.129417622	31.81510514
57	14125264	1070.137222813	6658.393065161
57	14127922	1070.452625485	1742.229356787
57	14143064	1071.660907518	265.142861391
57	14143531	1071.74181657	695.495586364
57	14153912	1072.302788903	2514.950469305
57	14176486	1074.141521245	137.125571789
57	14204712	1075.597666153	441.601609571
57	14240056	1077.395681645	909.937022956
57	14283785	1080.46703917	880.172491006
57	14300181	1081.681528818	785.639867738
57	14327979	1083.619313869	579.898747196
57	14421066	1088.630349602	2542.201017915
57	14441152	1090.815325335	61.951596792
57	14484582	1094.110819293	211.454422583
57	14523789	1099.987486244	158.731103435
57	14555422	1102.281853352	302.306456959
57	14566446	1103.43714252	1063.545992587
57	14577908	1104.755024921	966.106483542
57	14594623	1107.303499775	602.467970005
57	14596123	1107.527211171	916.626649052
57	14629499	1109.491014564	728.266930793
57	14651471	1111.148447575	606.591414616
57	14652383	1111.227267243	378.963562467
57	14716727	1114.472767573	968.608188304
57	14722331	1114.837946122	131.788262189
57	14780339	1119.613589042	169.475217557
57	14820322	1122.442348904	634.084472049
57	14821936	1122.65418432	698.546845495
57	14834601	1123.695183398	2024.679064965
57	14847920	1124.745871667	101.152876331
57	14854032	1125.247410939	482.724167003
57	14896841	1128.140016545	1190.428527579
57	14903887	1128.601911247	60.864741833
57	14920771	1129.221060216	109.194484838
57	14943461	1130.654172207	1238.502666066
57	14960410	1131.423242017	666.864145022
57	15017693	1134.880219279	119.177243536
57	15030149	1135.865147399	1426.300396069
57	15040579	1136.781031446	593.490407742
57	15085652	1140.234870336	55.083156323
57	15091525	1140.790882011	1359.829639513
57	15095587	1141.638984529	280.46294437
57	15134711	1145.500102942	396.51224557
58	2587915	150.22123188	0.981113835
58	2611413	152.044023017	1.822791137
58	2647931	154.624835938	2.580812921
58	2650418	154.84740435	0.222568412
58	2659647	156.122826277	1.275421927
58	2666439	156.573806329	0.450980052
58	2687666	157.908986566	1.335180237
58	2729799	160.506631778	2.597645212
58	2747010	162.281874854	1.775243076
58	2807011	165.759412096	3.477537242
58	2807584	165.830015361	0.070603265
58	2835338	168.435752958	2.605737597
58	2848342	171.005550053	2.569797095
58	2849282	171.213445822	0.207895769
58	2849389	171.237374041	0.023928219
58	2869524	172.903824144	1.666450103
58	2882933	173.493726454	0.58990231
58	2921894	175.960055795	2.466329341
58	2926599	176.489086759	0.529030964
58	2931037	177.232145565	0.743058806
58	2959350	178.470468478	1.238322913
58	3016415	181.951068402	3.480599924
58	3028257	183.010700772	1.05963237
58	3032952	183.618606961	0.607906189
58	3047616	184.371271856	0.752664895
58	3089578	187.310684933	2.939413077
58	3091189	187.374505637	0.063820704
58	3095025	188.048154125	0.673648488
58	3097751	188.423346097	0.375191972
58	3104968	189.454403009	1.031056912
58	3131268	190.98754306	1.533140051
58	3146631	191.913498091	0.925955031
58	3181654	194.000652043	2.087153952
58	3202672	195.517390299	1.516738256
58	3216626	196.23216369	0.714773391
58	3218011	196.274764614	0.042600924
58	3224974	196.961754218	0.686989604
58	3272023	199.325783986	2.364029768
58	3277341	199.936796832	0.611012846
58	3301206	202.160740173	2.223943341
58	3312903	203.636572231	1.475832058
58	3313398	203.669814771	0.03324254
58	3375784	208.486504343	4.816689572
58	3413410	212.002007513	3.51550317
58	3432708	214.037582796	2.035575283
58	3467882	217.649046102	3.611463306
58	3495386	220.669055424	3.020009322
58	3503693	221.627853074	0.95879765
58	3518379	223.108660565	1.480807491
58	3565554	226.66752929	3.558868725
58	3579868	228.073430214	1.405900924
58	3595494	229.473009496	1.399579282
58	3622843	231.650262171	2.177252675
58	3661980	236.302891301	4.65262913
58	3689469	239.76375068	3.460859379
58	3705316	241.951372153	2.187621473
58	3708112	242.354801669	0.403429516
58	3738123	244.841495857	2.486694188
58	3741233	245.124857364	0.283361507
58	3746042	245.47650868	0.351651316
58	3798516	249.918616353	4.442107673
58	3814941	251.150550613	1.23193426
58	3840676	252.283825359	1.133274746
58	3863044	253.735926601	1.452101242
58	3885851	255.232033139	1.496106538
58	3898904	256.263092797	1.031059658
58	3899708	256.32462396	0.061531163
58	3915125	257.588952555	1.264328595
58	3955697	260.431414622	2.842462067
58	3969607	261.318130618	0.886715996
58	3975829	261.955164519	0.637033901
58	3993732	262.773824874	0.818660355
58	4042265	265.524481513	2.750656639
58	4046772	265.751557322	0.227075809
58	4093639	268.875882539	3.124325217
58	4150229	274.870605243	5.994722704
58	4162388	276.5368572	1.666251957
58	4181012	279.352959377	2.816102177
58	4181589	279.452023585	0.099064208
58	4216187	282.435355584	2.983331999
58	4236922	284.10987777	1.674522186
58	4253839	284.912969251	0.803091481
58	4276547	287.384688965	2.471719714
58	4306912	290.877895221	3.493206256
58	4313971	291.569431358	0.691536137
58	4319472	292.513336826	0.943905468
58	4363543	295.135224503	2.621887677
58	4366354	295.287705048	0.152480545
58	4395190	296.615210905	1.327505857
58	4403804	297.468837936	0.853627031
58	4459715	301.151156367	3.682318431
58	4483757	302.275731127	1.12457476
58	4532595	305.517741613	3.242010486
58	4539101	306.147426186	0.629684573
58	4557952	308.121037429	1.973611243
58	4571421	309.370986784	1.249949355
58	4575153	309.754100993	0.383114209
58	4579000	310.107262265	0.353161272
58	4628742	313.409010641	3.301748376
58	4641011	314.239408941	0.8303983
58	4662803	315.292103687	1.052694746
58	4667674	315.605993604	0.313889917
58	4715301	318.616654862	3.010661258
58	4717637	318.810831375	0.194176513
58	4766304	321.320711283	2.509879908
58	4768998	321.662685148	0.341973865
58	4771093	321.912484843	0.249799695
58	4858824	330.194349287	8.281864444
58	4882044	332.580024778	2.385675491
58	4906645	334.718108665	2.138083887
58	4949027	340.16095662	5.442847955
58	4958949	341.869891772	1.708935152
58	4967301	342.485275903	0.615384131
58	4972067	342.866586664	0.381310761
58	4993380	345.442785754	2.57619909
58	5063871	352.090560382	6.647774628
58	5069406	352.750886102	0.66032572
58	5109433	357.408708687	4.657822585
58	5168982	362.108101918	4.699393231
58	5191565	365.45796454	3.349862622
58	5192275	365.587597501	0.129632961
58	5194452	365.815168557	0.227571056
58	5201664	366.505417879	0.690249322
58	5246971	369.743544233	3.238126354
58	5297600	374.706471253	4.96292702
58	5309627	376.106884177	1.400412924
58	5334823	378.845833803	2.738949626
58	5334892	378.85678679	0.010952987
58	5338308	379.18640804	0.32962125
58	5358189	381.511939094	2.325531054
58	5386553	383.75111214	2.239173046
58	5388444	383.834890524	0.083778384
58	5400551	384.856013634	1.02112311
58	5452751	387.488594344	2.63258071
58	5495404	390.694085615	3.205491271
58	5504783	391.960780497	1.266694882
58	5524756	395.215474167	3.25469367
58	5594686	400.738551044	5.523076877
58	5629684	405.021086739	4.282535695
58	5635678	405.703609069	0.68252233
58	5643216	406.395002347	0.691393278
58	5647804	406.871895548	0.476893201
58	5650557	407.350794687	0.478899139
58	5697239	409.427944383	2.077149696
58	5718142	410.440086474	1.012142091
58	5735824	411.734182237	1.294095763
58	5788985	416.66004537	4.925863133
58	5790912	416.919613527	0.259568157
58	5850370	423.073910484	6.154296957
58	5879961	426.264905245	3.190994761
58	5883552	426.662814774	0.397909529
58	5907367	428.672165017	2.009350243
58	5913392	429.247131989	0.574966972
58	5951736	431.953353837	2.706221848
58	5957458	432.326812917	0.37345908
58	5990333	433.791557163	1.464744246
58	6017402	435.302661036	1.511103873
58	6037590	436.586438933	1.283777897
58	6038762	436.696679133	0.1102402
58	6052058	437.216938127	0.520258994
58	6053437	437.241782231	0.024844104
58	6105265	439.356884304	2.115102073
58	6132872	441.250335653	1.893451349
58	6138723	441.692895977	0.442560324
58	6141894	442.069570095	0.376674118
58	6156287	442.945279224	0.875709129
58	6177005	444.078337231	1.133058007
58	6178790	444.208847378	0.130510147
58	6202132	444.849185095	0.640337717
58	6300732	450.64695944	5.797774345
58	6314639	451.880912885	1.233953445
58	6335406	453.236486702	1.355573817
58	6381921	456.666566769	3.430080067
58	6405702	458.647169317	1.980602548
58	6470292	463.834984941	5.187815624
58	6475134	464.519023915	0.684038974
58	6503301	466.612284843	2.093260928
58	6505561	466.768012901	0.155728058
58	6530029	468.61014013	1.842127229
58	6543123	469.77485732	1.16471719
58	6653777	479.652066412	9.877209092
58	6664755	481.209527881	1.557461469
58	6665074	481.245490368	0.035962487
58	6667608	481.494988039	0.249497671
58	6677689	482.897769897	1.402781858
58	6699218	484.518817804	1.621047907
58	6765627	488.972318413	4.453500609
58	6818834	495.448174531	6.475856118
58	6824989	495.935180284	0.487005753
58	6835825	497.172705648	1.237525364
58	6903660	501.249607258	4.07690161
58	6905771	501.394240599	0.144633341
58	6993023	510.241527198	8.847286599
58	6994357	510.593732695	0.352205497
58	6996204	510.947223677	0.353490982
58	7004344	511.765695934	0.818472257
58	7005494	512.058601212	0.292905278
58	7049407	515.54278964	3.484188428
58	7079001	517.591926625	2.049136985
58	7079850	517.625681283	0.033754658
58	7092943	518.882855401	1.257174118
58	7112055	519.77077803	0.887922629
58	7152740	521.551913831	1.781135801
58	7182541	523.31028564	1.758371809
58	7192629	523.972144831	0.661859191
58	7265729	527.779885789	3.807740958
58	7285597	529.342327965	1.562442176
58	7328023	533.139770206	3.797442241
58	7405231	540.576544147	7.436773941
58	7428470	542.414947837	1.83840369
58	7486956	546.976985179	4.562037342
58	7488896	547.177919952	0.200934773
58	7528624	550.232146972	3.05422702
58	7553325	552.038266537	1.806119565
58	7575158	553.992112807	1.95384627
58	7579959	554.178141975	0.186029168
58	7586518	554.586633129	0.408491154
58	7587529	554.651696528	0.065063399
58	7595574	555.120979529	0.469283001
58	7673647	559.420629362	4.299649833
58	7694469	560.830724167	1.410094805
58	7727125	563.499032592	2.668308425
58	7760145	565.999475522	2.50044293
58	7807891	569.711467305	3.711991783
58	7867661	575.374260459	5.662793154
58	7868239	575.443886924	0.069626465
58	7905887	577.755486954	2.31160003
58	7946124	580.331878664	2.57639171
58	7992391	583.641022185	3.309143521
58	8000884	584.303157967	0.662135782
58	8016542	586.130827596	1.827669629
58	8034538	587.268262026	1.13743443
58	8056155	588.801394383	1.533132357
58	8102779	593.589276301	4.787881918
58	8143536	596.859182744	3.269906443
58	8163314	598.534548876	1.675366132
58	8211818	602.339016425	3.804467549
58	8277622	607.710029249	5.371012824
58	8309035	611.045207607	3.335178358
58	8336509	613.687405694	2.642198087
58	8343358	614.498543175	0.811137481
58	8344476	614.748601804	0.250058629
58	8387641	617.262354927	2.513753123
58	8391183	617.62339774	0.361042813
58	8434268	621.116306675	3.492908935
58	8469012	626.523880366	5.407573691
58	8478918	628.244531397	1.720651031
58	8479681	628.340575222	0.096043825
58	8522243	633.392979908	5.052404686
58	8563706	636.561145525	3.168165617
58	8573423	637.355601499	0.794455974
58	8580840	638.316077237	0.960475738
58	8601867	639.348537606	1.032460369
58	8606489	639.71262877	0.364091164
58	8661698	642.450297597	2.737668827
58	8736926	650.847557727	8.39726013
58	8745522	652.242891083	1.395333356
58	8758286	652.929434167	0.686543084
58	8785130	655.228674155	2.299239988
58	8796291	657.288367334	2.059693179
58	8814445	659.810503804	2.52213647
58	8819205	660.503194929	0.692691125
58	8835357	661.504842791	1.001647862
58	8841951	662.542091407	1.037248616
58	8903779	666.65809751	4.116006103
58	8933350	670.26687866	3.60878115
58	8934339	670.411816053	0.144937393
58	8993865	674.588132066	4.176316013
58	9076067	684.459343183	9.871211117
58	9078315	684.827280969	0.367937786
58	9101272	686.45984865	1.632567681
58	9121584	687.321568031	0.861719381
58	9123372	687.419906094	0.098338063
58	9138640	688.592381604	1.17247551
58	9202382	692.818846238	4.226464634
58	9219135	694.198332235	1.379485997
58	9232852	695.125468345	0.92713611
58	9253164	696.501130168	1.375661823
58	9273606	697.590658218	1.08952805
58	9290087	699.436269002	1.845610784
58	9308795	700.605171763	1.168902761
58	9364924	703.926373343	3.32120158
58	9382060	705.838097921	1.911724578
58	9390589	706.32814476	0.490046839
58	9391739	706.523830666	0.195685906
58	9416053	708.617321717	2.093491051
58	9425358	709.834990805	1.217669088
58	9521835	715.336497433	5.501506628
58	9528237	716.256243644	0.919746211
58	9607158	725.267322328	9.011078684
58	9629173	727.736680915	2.469358587
58	9641818	729.996069138	2.259388223
58	9670385	734.186494866	4.190425728
58	9687311	735.843369957	1.656875091
58	9687350	735.848136436	0.004766479
58	9703041	736.87523424	1.027097804
58	9706235	737.216160682	0.340926442
58	9727165	738.22081178	1.004651098
58	9754025	740.131976086	1.911164306
58	9773512	741.630978858	1.499002772
58	9776833	742.099939523	0.468960665
58	9779230	742.215936652	0.115997129
58	9787599	743.232881741	1.016945089
58	9789286	743.363039725	0.130157984
58	9837927	745.567174465	2.20413474
58	9840862	745.989291756	0.422117291
58	9848130	746.239582482	0.250290726
58	9870505	747.113858905	0.874276423
58	9903350	748.620187082	1.506328177
58	9926590	750.465388776	1.845201694
58	9936155	751.642393804	1.177005028
58	9963858	753.809433196	2.167039392
58	9973385	754.759287916	0.94985472
58	9983453	755.945027482	1.185739566
58	9986828	756.427406155	0.482378673
58	9998263	756.917991867	0.490585712
58	10009268	757.935797128	1.017805261
58	10045333	760.110209321	2.174412193
58	10057583	761.5109745	1.400765179
58	10138284	765.699264828	4.188290328
58	10143101	766.069359004	0.370094176
58	10144685	766.22893304	0.159574036
58	10254688	776.589434255	10.360501215
58	10272956	778.598687746	2.009253491
58	10273933	778.691946461	0.093258715
58	10280460	779.594361116	0.902414655
58	10311041	781.590944343	1.996583227
58	10315122	781.90286386	0.311919517
58	10378100	787.072534572	5.169670712
58	10397417	788.793347854	1.720813282
58	10406128	789.975927458	1.182579604
58	10419553	790.996888043	1.020960585
58	10422146	791.322832342	0.325944299
58	10423422	791.578937411	0.256105069
58	10480943	794.803452645	3.224515234
58	10501355	796.473026599	1.669573954
58	10530580	800.746290615	4.273264016
58	10565630	803.123940469	2.377649854
58	10616241	808.637459009	5.51351854
58	10622565	809.427108436	0.789649427
58	10624302	809.668373417	0.241264981
58	10723226	817.121701804	7.453328387
58	10724998	817.339222424	0.21752062
58	10768309	820.911753927	3.572531503
58	10853924	825.884655987	4.97290206
58	10873370	828.243501314	2.358845327
58	10888256	829.40121603	1.157714716
58	10924121	832.195373452	2.794157422
58	10969468	836.611256189	4.415882737
58	10976082	837.709496511	1.098240322
58	11013034	840.508456974	2.798960463
58	11017403	841.019631578	0.511174604
58	11018541	841.119623154	0.099991576
58	11038143	843.126826596	2.007203442
58	11039957	843.38436038	0.257533784
58	11041689	843.600813179	0.216452799
58	11106129	847.468780874	3.867967695
58	11117647	847.96531835	0.496537476
58	11122986	848.218386082	0.253067732
58	11185081	850.906006127	2.687620045
58	11189729	851.301246786	0.395240659
58	11246127	855.150767423	3.849520637
58	11272605	857.889499798	2.738732375
58	11283881	859.196434461	1.306934663
58	11287926	859.491277185	0.294842724
58	11318091	861.774042967	2.282765782
58	11325766	862.219625818	0.445582851
58	11375976	864.781310578	2.56168476
58	11382631	865.477787983	0.696477405
58	11496588	876.657811417	11.180023434
58	11497045	876.723516122	0.065704705
58	11501103	877.259759602	0.53624348
58	11598435	886.328027257	9.068267655
58	11601205	886.761413447	0.43338619
58	11605300	887.343298775	0.581885328
58	11631233	889.917806808	2.574508033
58	11658356	892.456232137	2.538425329
58	11681170	893.398113464	0.941881327
58	11691647	894.29985788	0.901744416
58	11747034	898.324639543	4.024781663
58	11747916	898.425278109	0.100638566
58	11749046	898.540737338	0.115459229
58	11756038	899.146081162	0.605343824
58	11766328	899.816798587	0.670717425
58	11825359	903.978520457	4.16172187
58	11832766	904.443367766	0.464847309
58	11840544	904.823286132	0.379918366
58	11872820	906.43587214	1.612586008
58	11881020	906.787864995	0.351992855
58	11885522	907.011860078	0.223995083
58	11909426	908.638011779	1.626151701
58	11975813	911.728140471	3.090128692
58	11988738	913.090711436	1.362570965
58	12003969	913.679519967	0.588808531
58	12036791	915.99783998	2.318320013
58	12111723	921.521111376	5.523271396
58	12121907	922.102929789	0.581818413
58	12135159	923.270926197	1.167996408
58	12155827	924.550355871	1.279429674
58	12157932	924.700964106	0.150608235
58	12175140	925.67111488	0.970150774
58	12198196	926.802946942	1.131832062
58	12224603	928.508022184	1.705075242
58	12241818	929.551589595	1.043567411
58	12249243	930.088035631	0.536446036
58	12261611	931.249415399	1.161379768
58	12316281	934.953529063	3.704113664
58	12377709	940.137343276	5.183814213
58	12389515	941.35002492	1.212681644
58	12402233	942.932234469	1.582209549
58	12405723	943.52948203	0.597247561
58	12416774	944.011967353	0.482485323
58	12420378	944.437209463	0.42524211
58	12444065	945.585595164	1.148385701
58	12448432	945.879682253	0.294087089
58	12490399	948.784458867	2.904776614
58	12497696	949.183318286	0.398859419
58	12521755	950.951624582	1.768306296
58	12576877	953.475571441	2.523946859
58	12617363	956.472345505	2.996774064
58	12621277	956.904147118	0.431801613
58	12626422	957.311081065	0.406933947
58	12632085	957.730999622	0.419918557
58	12645901	958.889035684	1.158036062
58	12656561	959.19190203	0.302866346
58	12665510	959.970144671	0.778242641
58	12747322	965.668792879	5.698648208
58	12771296	968.060661046	2.391868167
58	12772020	968.101889955	0.041228909
58	12812038	970.522050263	2.420160308
58	12839391	971.725944254	1.203893991
58	12842211	971.930460334	0.20451608
58	12851219	972.668097922	0.737637588
58	12855608	973.001959081	0.333861159
58	12886111	975.000299904	1.998340823
58	12889311	975.122828987	0.122529083
58	12966607	979.644216421	4.521387434
58	12982278	981.108951322	1.464734901
58	12994310	982.368614764	1.259663442
58	13015314	983.230433987	0.861819223
58	13031316	984.563467752	1.333033765
58	13033404	984.730136751	0.166668999
58	13080354	986.8142403	2.084103549
58	13080873	986.836875873	0.022635573
58	13099583	987.768079122	0.931203249
58	13157041	990.976567049	3.208487927
58	13164124	991.470839231	0.494272182
58	13182663	992.318642668	0.847803437
58	13194332	992.988323611	0.669680943
58	13269418	998.565415837	5.577092226
58	13276469	999.492343866	0.926928029
58	13294810	1000.733881333	1.241537467
58	13301188	1001.384701462	0.650820129
58	13303991	1001.717843716	0.333142254
58	13307094	1002.001180253	0.283336537
58	13339465	1004.13138616	2.130205907
58	13463518	1016.797678172	12.666292012
58	13465835	1017.00775665	0.210078478
58	13468736	1017.373903849	0.366147199
58	13539168	1021.740094352	4.366190503
58	13554771	1023.193092478	1.452998126
58	13559578	1023.562133216	0.369040738
58	13573963	1024.98419575	1.422062534
58	13575848	1025.035802906	0.051607156
58	13611523	1027.785126911	2.749324005
58	13628254	1028.960893588	1.175766677
58	13629032	1029.082383753	0.121490165
58	13649345	1030.362469476	1.280085723
58	13681997	1031.634884004	1.272414528
58	13704668	1032.86537087	1.230486866
58	13706112	1032.981258098	0.115887228
58	13716227	1033.990206093	1.008947995
58	13794456	1038.388677445	4.398471352
58	13815278	1040.32662303	1.937945585
58	13852335	1043.557108743	3.230485713
58	13863458	1044.699492408	1.142383665
58	13864624	1044.836450867	0.136958459
58	13868552	1045.098698702	0.262247835
58	13965793	1053.180665964	8.081967262
58	14012077	1058.750987306	5.570321342
58	14038040	1061.706704441	2.955717135
58	14078661	1065.783440889	4.076736448
58	14091984	1067.404677483	1.621236594
58	14102758	1067.970687106	0.566009623
58	14114450	1069.129417622	1.158730516
58	14125264	1070.137222813	1.007805191
58	14127922	1070.452625485	0.315402672
58	14143064	1071.660907518	1.208282033
58	14143531	1071.74181657	0.080909052
58	14153912	1072.302788903	0.560972333
58	14176486	1074.141521245	1.838732342
58	14204712	1075.597666153	1.456144908
58	14240056	1077.395681645	1.798015492
58	14283785	1080.46703917	3.071357525
58	14300181	1081.681528818	1.214489648
58	14327979	1083.619313869	1.937785051
58	14421066	1088.630349602	5.011035733
58	14441152	1090.815325335	2.184975733
58	14484582	1094.110819293	3.295493958
58	14523789	1099.987486244	5.876666951
58	14555422	1102.281853352	2.294367108
58	14566446	1103.43714252	1.155289168
58	14577908	1104.755024921	1.317882401
58	14594623	1107.303499775	2.548474854
58	14596123	1107.527211171	0.223711396
58	14629499	1109.491014564	1.963803393
58	14651471	1111.148447575	1.657433011
58	14652383	1111.227267243	0.078819668
58	14716727	1114.472767573	3.24550033
58	14722331	1114.837946122	0.365178549
58	14780339	1119.613589042	4.77564292
58	14820322	1122.442348904	2.828759862
58	14821936	1122.65418432	0.211835416
58	14834601	1123.695183398	1.040999078
58	14847920	1124.745871667	1.050688269
58	14854032	1125.247410939	0.501539272
58	14896841	1128.140016545	2.892605606
58	14903887	1128.601911247	0.461894702
58	14920771	1129.221060216	0.619148969
58	14943461	1130.654172207	1.433111991
58	14960410	1131.423242017	0.76906981
58	15017693	1134.880219279	3.456977262
58	15030149	1135.865147399	0.98492812
58	15040579	1136.781031446	0.915884047
58	15085652	1140.234870336	3.45383889
58	15091525	1140.790882011	0.556011675
58	15095587	1141.638984529	0.848102518
58	15134711	1145.500102942	3.861118413
59	2626769	153.31294402	4.069284711
59	2647239	154.558284382	1.245340362
59	2695023	158.187750324	3.629465942
59	2735975	161.219888764	3.03213844
59	2743079	161.884193621	0.664304857
59	2806709	165.72113581	3.836942189
59	2921388	175.920318295	10.199182485
59	2926606	176.489086759	0.568768464
59	2961181	178.652808898	2.163722139
59	2994374	180.615588945	1.962780047
59	3007288	181.046926482	0.431337537
59	3017363	182.112315713	1.065389231
59	3028494	183.026954555	0.914638842
59	3054782	184.812653382	1.785698827
59	3059999	185.324136855	0.511483473
59	3093685	187.693114919	2.368978064
59	3094868	188.01316763	0.320052711
59	3125430	190.413166536	2.399998906
59	3186307	194.177187034	3.764020498
59	3203154	195.565235045	1.388048011
59	3276314	199.765800555	4.20056551
59	3302077	202.339321464	2.573520909
59	3308303	203.170469828	0.831148364
59	3312188	203.516445951	0.345976123
59	3320229	204.294634821	0.77818887
59	3333964	205.055713188	0.761078367
59	3337927	205.506577083	0.450863895
59	3357262	206.94897244	1.442395357
59	3405927	211.045107348	4.096134908
59	3412107	211.811868722	0.766761374
59	3423683	213.499225774	1.687357052
59	3439140	214.606968704	1.10774293
59	3440791	214.800928019	0.193959315
59	3460260	216.505749449	1.70482143
59	3467210	217.504845626	0.999096177
59	3491961	220.048214823	2.543369197
59	3495304	220.639395756	0.591180933
59	3505912	221.851637359	1.212241603
59	3506757	221.945246269	0.09360891
59	3508005	222.147814652	0.202568383
59	3512749	222.625689431	0.477874779
59	3518598	223.124297649	0.498608218
59	3566368	226.735139174	3.610841525
59	3567619	226.847867146	0.112727972
59	3610201	231.087017568	4.239150422
59	3647037	233.854116895	2.767099327
59	3664834	236.448399576	2.594282681
59	3670153	236.994221987	0.545822411
59	3683219	238.754787755	1.760565768
59	3683254	238.762054614	0.007266859
59	3686292	239.345536698	0.583482084
59	3693488	240.288328334	0.942791636
59	3700271	241.228945349	0.940617015
59	3702312	241.464730441	0.235785092
59	3708249	242.369298164	0.904567723
59	3711402	242.688016901	0.318718737
59	3720505	243.440405793	0.752388892
59	3758997	246.602720378	3.162314585
59	3780355	247.817225949	1.214505571
59	3863051	253.735926601	5.918700652
59	3903538	256.617369045	2.881442444
59	3914351	257.519055853	0.901686808
59	3914407	257.52791654	0.008860687
59	3938207	259.219375949	1.691459409
59	3977407	262.109796587	2.890420638
59	4044089	265.638797244	3.529000657
59	4047446	265.768709265	0.129912021
59	4089527	268.749362406	2.980653141
59	4131855	272.565745215	3.816382809
59	4158568	276.021130919	3.455385704
59	4168309	277.4050997	1.383968781
59	4169091	277.481626444	0.076526744
59	4180132	279.185635351	1.704008907
59	4195427	280.486314435	1.300679084
59	4268111	286.315279916	5.828965481
59	4306785	290.844962278	4.529682362
59	4331530	293.17690711	2.331944832
59	4345588	293.654226608	0.477319498
59	4395197	296.615210905	2.960984297
59	4398105	296.87405032	0.258839415
59	4402668	297.37051347	0.49646315
59	4412027	298.171526006	0.801012536
59	4477359	301.970090169	3.798564163
59	4482032	302.156744249	0.18665408
59	4536015	305.869611592	3.712867343
59	4542290	306.563018843	0.693407251
59	4549783	307.606514416	1.043495573
59	4566740	308.923346491	1.316832075
59	4621247	313.311543855	4.388197364
59	4628749	313.409010641	0.097466786
59	4636375	313.721610837	0.312600196
59	4732547	319.841134321	6.119523484
59	4737312	320.088492559	0.247358238
59	4739373	320.249120951	0.160628392
59	4783455	322.881812676	2.632691725
59	4785708	323.171456392	0.289643716
59	4792378	324.293131402	1.12167501
59	4880502	332.422829473	8.129698071
59	4884858	332.842725021	0.419895548
59	4907988	334.902429596	2.059704575
59	4930316	337.469973455	2.567543859
59	4939600	338.748960963	1.278987508
59	4986360	344.303191994	5.554231031
59	5006037	346.037026741	1.733834747
59	5009855	346.591361061	0.55433432
59	5035430	348.087461353	1.496100292
59	5050895	349.83515528	1.747693927
59	5057528	350.963257309	1.128102029
59	5064281	352.157203529	1.19394622
59	5070323	352.941865465	0.784661936
59	5073418	353.231606704	0.289741239
59	5081287	354.469122121	1.237515417
59	5089009	354.958041975	0.488919854
59	5101669	356.435017409	1.476975434
59	5109440	357.408708687	0.973691278
59	5113415	357.90518895	0.496480263
59	5171429	362.570500833	4.665311883
59	5188618	364.876991686	2.306490853
59	5198564	366.070246656	1.19325497
59	5263535	370.884075151	4.813828495
59	5278972	373.019062976	2.134987825
59	5309724	376.139112905	3.120049929
59	5318034	376.760714973	0.621602068
59	5323889	377.64432869	0.883613717
59	5409052	385.429694251	7.785365561
59	5488366	389.533082391	4.10338814
59	5498365	391.165202746	1.632120355
59	5511256	392.751254308	1.586051562
59	5512838	393.181189765	0.429935457
59	5519198	394.197421803	1.016232038
59	5529401	395.759544665	1.562122862
59	5529945	395.836165931	0.076621266
59	5546077	397.32446221	1.488296279
59	5557033	398.229939524	0.905477314
59	5632509	405.21529808	6.985358556
59	5660124	407.638927608	2.423629528
59	5681634	408.927075117	1.288147509
59	5709587	409.857534294	0.930459177
59	5738772	411.928821131	2.071286837
59	5750550	412.556375644	0.627554513
59	5770307	414.40285616	1.846480516
59	5783393	415.882960717	1.480104557
59	5789141	416.687677924	0.804717207
59	5789265	416.7176016	0.029923676
59	5835234	421.042668559	4.325066959
59	5842031	421.835285976	0.792617417
59	5878993	426.096297952	4.261011976
59	5889158	427.079207544	0.982909592
59	5911433	428.996312506	1.917104962
59	5919799	429.986364043	0.990051537
59	5922242	430.165508276	0.179144233
59	5980224	433.102979219	2.937470943
59	6004721	434.399385098	1.296405879
59	6024258	435.658784372	1.259399274
59	6038769	436.696679133	1.037894761
59	6048646	437.092072804	0.395393671
59	6073675	438.340009569	1.247936765
59	6074242	438.409375375	0.069365806
59	6130802	441.091738876	2.682363501
59	6178573	444.184936158	3.093197282
59	6184358	444.371051755	0.186115597
59	6275750	448.687653118	4.316601363
59	6293530	449.97356107	1.285907952
59	6311025	451.443585895	1.470024825
59	6319522	452.417513814	0.973927919
59	6395268	457.793138353	5.375624539
59	6397995	458.150332388	0.357194035
59	6416157	459.575564277	1.425231889
59	6436078	460.864030462	1.288466185
59	6437677	461.064420711	0.200390249
59	6437824	461.093158508	0.028737797
59	6439193	461.30415681	0.210998302
59	6459144	463.278608623	1.974451813
59	6469648	463.789792478	0.511183855
59	6474066	464.284884904	0.495092426
59	6535170	468.977504485	4.692619581
59	6535758	469.035178556	0.057674071
59	6549377	470.217012271	1.181833715
59	6595955	472.559763769	2.342751498
59	6618002	474.410945588	1.851181819
59	6620990	474.802504187	0.391558599
59	6624757	475.29654108	0.494036893
59	6642575	477.934071629	2.637530549
59	6647048	478.668221325	0.734149696
59	6655320	479.893482794	1.225261469
59	6677891	482.941036082	3.047553288
59	6692419	484.119696799	1.178660717
59	6751534	487.56563342	3.445936621
59	6757726	488.05407688	0.48844346
59	6773805	489.914629508	1.860552628
59	6791071	492.486181764	2.571552256
59	6814893	494.818094964	2.3319132
59	6850353	498.194115771	3.376020807
59	6881738	499.9717283	1.777612529
59	6900000	500.985131804	1.013403504
59	6903851	501.259386385	0.274254581
59	6939587	503.896930783	2.637544398
59	6951918	505.216015627	1.319084844
59	6954754	505.583040794	0.367025167
59	6968569	506.480185282	0.897144488
59	6983315	508.50854756	2.028362278
59	6985115	508.986725476	0.478177916
59	6988917	509.594485313	0.607759837
59	7017588	513.034710386	3.440225073
59	7044570	515.380169068	2.345458682
59	7086566	518.204711674	2.824542606
59	7087294	518.345233557	0.140521883
59	7092794	518.875123795	0.529890238
59	7115168	519.85005748	0.974933685
59	7142556	521.241732075	1.391674595
59	7195650	524.267377024	3.025644949
59	7211247	525.093607078	0.826230054
59	7226465	525.777830855	0.684223777
59	7247024	526.918212687	1.140381832
59	7276247	528.408264911	1.490052224
59	7279437	528.815600598	0.407335687
59	7295418	530.144066457	1.328465859
59	7320617	532.617140277	2.47307382
59	7330876	533.336464119	0.719323842
59	7334800	533.82433963	0.487875511
59	7403714	540.382329387	6.557989757
59	7440895	543.345564719	2.963235332
59	7454423	544.151486462	0.805921743
59	7455334	544.200672052	0.04918559
59	7542512	551.071366427	6.870694375
59	7598280	555.278934795	4.207568368
59	7633781	557.138167508	1.859232713
59	7638857	557.507803384	0.369635876
59	7640770	557.709519909	0.201716525
59	7641358	557.771648808	0.062128899
59	7748748	564.934328	7.162679192
59	7748947	564.953336637	0.019008637
59	7766878	566.476806823	1.523470186
59	7771335	566.955525102	0.478718279
59	7851759	574.059706398	7.104181296
59	7853740	574.255515985	0.195809587
59	7922030	579.186619527	4.931103542
59	7949113	580.603989483	1.417369956
59	7953835	581.101275238	0.497285755
59	8058411	589.085854924	7.984579686
59	8077417	590.792135943	1.706281019
59	8078163	590.871421458	0.079285515
59	8091706	592.43680237	1.565380912
59	8106150	593.986056272	1.549253902
59	8119554	595.048883109	1.062826837
59	8122723	595.200182486	0.151299377
59	8215471	602.583536002	7.383353516
59	8232045	603.546088785	0.962552783
59	8238372	604.286585368	0.740496583
59	8256583	605.378694278	1.09210891
59	8290770	609.553326411	4.174632133
59	8303594	610.181058238	0.627731827
59	8338719	613.914742502	3.733684264
59	8364391	616.12244694	2.207704438
59	8406547	618.912188234	2.789741294
59	8407450	619.142928244	0.23074001
59	8415453	619.457517813	0.314589569
59	8430862	620.432945991	0.975428178
59	8470434	626.796153475	6.363207484
59	8482334	628.670641841	1.874488366
59	8499669	630.233327819	1.562685978
59	8505679	630.867310281	0.633982462
59	8581420	638.363040243	7.495729962
59	8608637	639.931731712	1.568691469
59	8684474	644.686793321	4.755061609
59	8709096	647.296579136	2.609785815
59	8764094	653.660301609	6.363722473
59	8771904	654.337560249	0.67725864
59	8800267	657.878753164	3.541192915
59	8803136	658.55379431	0.675041146
59	8813989	659.67084484	1.11705053
59	8828711	660.96133572	1.29049088
59	8891165	665.74419673	4.78286101
59	8891555	665.796836404	0.052639674
59	8912875	667.653592063	1.856755659
59	8914896	667.981159454	0.327567391
59	8973604	673.35245507	5.371295616
59	8991272	674.336554954	0.984099884
59	8992374	674.452156624	0.11560167
59	9014328	676.489614895	2.037458271
59	9080355	685.071611306	8.581996411
59	9082551	685.346762735	0.275151429
59	9150386	689.349148922	4.002386187
59	9154758	689.967867794	0.618718872
59	9159894	690.446339366	0.478471572
59	9179306	691.461230787	1.014891421
59	9209007	693.460059249	1.998828462
59	9286265	698.834903767	5.374844518
59	9292026	699.566180991	0.731277224
59	9336249	702.021705835	2.455524844
59	9366016	704.033439129	2.011733294
59	9397479	707.146501674	3.113062545
59	9400085	707.670052468	0.523550794
59	9478962	712.015017425	4.344964957
59	9480832	712.161179322	0.146161897
59	9481162	712.185818291	0.024638969
59	9481282	712.200643636	0.014825345
59	9484816	712.437477752	0.236834116
59	9503262	713.424372016	0.986894264
59	9517094	714.532836262	1.108464246
59	9530930	716.59893877	2.066102508
59	9538765	717.68084328	1.08190451
59	9565771	720.121197549	2.440354269
59	9572133	720.780115966	0.658918417
59	9606670	725.062464556	4.28234859
59	9648212	731.198082661	6.135618105
59	9666508	733.571128974	2.373046313
59	9667846	733.691799621	0.120670647
59	9668380	733.756940438	0.065140817
59	9715715	737.823327561	4.066387123
59	9752274	740.050420995	2.227093434
59	9766842	740.735127817	0.684706822
59	9780874	742.303739872	1.568612055
59	9791526	743.443280476	1.139540604
59	9832713	745.287930893	1.844650417
59	9874118	747.454686539	2.166755646
59	9926597	750.465388776	3.010702237
59	9933196	751.300730065	0.835341289
59	9982303	755.739005459	4.438275394
59	10017407	758.692502018	2.953496559
59	10065036	761.921621214	3.229119196
59	10077143	762.468303714	0.5466825
59	10135923	765.483863805	3.015560091
59	10158877	768.014683274	2.530819469
59	10170557	768.71768139	0.702998116
59	10171930	768.854329437	0.136648047
59	10196565	770.509656737	1.6553273
59	10258417	777.064819471	6.555162734
59	10259718	777.353306698	0.288487227
59	10264976	778.098847333	0.745540635
59	10329869	782.593363485	4.494516152
59	10351591	784.938993416	2.345629931
59	10381390	787.275051659	2.336058243
59	10386249	787.672421838	0.397370179
59	10393366	788.449557386	0.777135548
59	10395744	788.597351573	0.147794187
59	10434521	792.229197445	3.631845872
59	10476995	794.473573454	2.244376009
59	10504411	796.821582398	2.348008944
59	10506680	797.121356969	0.299774571
59	10507923	797.301658764	0.180301795
59	10520051	799.186352682	1.884693918
59	10576885	804.30407021	5.117717528
59	10591495	805.261267999	0.957197789
59	10594917	805.727272812	0.466004813
59	10604810	806.993724391	1.266451579
59	10617988	808.856501997	1.862777606
59	10659229	812.3499582	3.493456203
59	10698414	815.481614872	3.131656672
59	10706321	815.900851318	0.419236446
59	10722758	817.079523677	1.178672359
59	10726655	817.541902524	0.462378847
59	10824010	823.588143053	6.046240529
59	10833975	824.317891748	0.729748695
59	10851806	825.688341714	1.370449966
59	10867016	827.290674502	1.602332788
59	10897874	830.137711399	2.847036897
59	10907919	831.198294145	1.060582746
59	10911587	831.27581323	0.077519085
59	10961736	835.841240571	4.565427341
59	10964227	836.09016024	0.248919669
59	10974195	837.210615051	1.120454811
59	11005670	839.753476591	2.54286154
59	11006311	839.793864266	0.040387675
59	11016155	840.832942014	1.039077748
59	11142222	849.325022716	8.492080702
59	11224290	853.233112553	3.908089837
59	11270352	857.523409349	4.290296796
59	11276160	858.213606355	0.690197006
59	11276524	858.256340096	0.042733741
59	11281470	859.013005781	0.756665685
59	11326345	862.258083714	3.245077933
59	11382322	865.422714926	3.164631212
59	11385918	865.740533951	0.317819025
59	11395501	866.467121326	0.726587375
59	11413841	868.100647268	1.633525942
59	11460717	872.262525452	4.161878184
59	11474212	874.436040268	2.173514816
59	11476495	874.828510899	0.392470631
59	11479630	875.099920003	0.271409104
59	11480212	875.210032032	0.110112029
59	11483437	875.605920988	0.395888956
59	11513217	878.380743271	2.774822283
59	11538920	879.972581115	1.591837844
59	11568273	882.092730297	2.120149182
59	11576582	882.956138623	0.863408326
59	11581520	883.62891034	0.672771717
59	11586941	884.565505785	0.936595445
59	11592974	885.579826117	1.014320332
59	11670463	892.942371908	7.362545791
59	11738158	897.854695583	4.912323675
59	11749926	898.629437802	0.774742219
59	11762764	899.625033139	0.995595337
59	11792574	901.688823387	2.063790248
59	11823085	903.749247567	2.06042418
59	11878902	906.695744849	2.946497282
59	11894250	907.667228425	0.971483576
59	11904004	908.378423215	0.71119479
59	11904890	908.476754312	0.098331097
59	11929316	909.359519126	0.882764814
59	11943261	909.774100223	0.414581097
59	11958739	911.030411734	1.256311511
59	11993366	913.330503163	2.300091429
59	12151853	924.263935041	10.933431878
59	12170754	925.387303742	1.123368701
59	12214926	927.844728676	2.457424934
59	12299935	933.701540547	5.856811871
59	12325545	935.881263073	2.179722526
59	12340329	936.885275194	1.004012121
59	12345338	937.38010076	0.494825566
59	12356330	938.666311136	1.286210376
59	12381603	940.48603998	1.819728844
59	12489380	948.579372587	8.093332607
59	12499866	949.31481649	0.735443903
59	12535296	951.420909792	2.106093302
59	12537430	951.700101093	0.279191301
59	12538172	951.83042487	0.130323777
59	12539547	952.031912009	0.201487139
59	12598807	955.097835229	3.06592322
59	12601511	955.329327381	0.231492152
59	12613109	955.961812153	0.632484772
59	12616839	956.355460338	0.393648185
59	12627255	957.342001125	0.986540787
59	12628141	957.395969404	0.053968279
59	12723465	963.596755069	6.200785665
59	12742266	964.985452646	1.388697577
59	12746408	965.494035885	0.508583239
59	12753949	966.373224258	0.879188373
59	12769952	967.995442335	1.622218077
59	12775572	968.299199901	0.303757566
59	12858904	973.191513331	4.89231343
59	12914475	976.429071115	3.237557784
59	12955286	978.523143711	2.094072596
59	12965865	979.588902369	1.065758658
59	12966475	979.637688666	0.048786297
59	12980736	981.01595265	1.378263984
59	12988502	981.648998081	0.633045431
59	12990528	981.87640509	0.227407009
59	12994317	982.368614764	0.492209674
59	13150172	990.257660545	7.889045781
59	13168355	991.712404867	1.454744322
59	13239274	996.030656974	4.318252107
59	13241800	996.275968145	0.245311171
59	13289839	1000.41258806	4.136619915
59	13399286	1010.030750515	9.618162455
59	13433945	1013.188030069	3.157279554
59	13463731	1016.819312289	3.63128222
59	13473316	1017.976458896	1.157146607
59	13565967	1024.234831076	6.25837218
59	13609101	1027.3571188	3.122287724
59	13615158	1028.052834287	0.695715487
59	13654753	1030.680902774	2.628068487
59	13665125	1030.926335367	0.245432593
59	13686182	1031.929122044	1.002786677
59	13719475	1034.145964793	2.216842749
59	13719593	1034.148172199	0.002207406
59	13736966	1034.957871157	0.809698958
59	13746291	1035.847451451	0.889580294
59	13754320	1036.385501817	0.538050366
59	13757113	1036.821515998	0.436014181
59	13813246	1040.063492573	3.241976575
59	13813250	1040.063686798	0.000194225
59	13833788	1041.902301731	1.838614933
59	13848598	1042.970020642	1.067718911
59	13859695	1044.173387051	1.203366409
59	13887002	1046.118333697	1.944946646
59	13892834	1046.833569365	0.715235668
59	13901443	1047.906417808	1.072848443
59	13919456	1048.55856643	0.652148622
59	13936217	1050.276622959	1.718056529
59	13948367	1051.255626295	0.979003336
59	13985864	1055.440293011	4.184666716
59	14000959	1057.1978707	1.757577689
59	14004758	1057.671294865	0.473424165
59	14012504	1058.824812912	1.153518047
59	14018371	1059.693494433	0.868681521
59	14064980	1064.198030299	4.504535866
59	14069593	1064.861540814	0.663510515
59	14072530	1065.242482784	0.38094197
59	14075787	1065.508540386	0.266057602
59	14082596	1066.12400158	0.615461194
59	14105016	1068.206622403	2.082620823
59	14114591	1069.155968783	0.94934638
59	14123978	1069.993186446	0.837217663
59	14320192	1083.013266462	13.020080016
59	14329059	1083.66644596	0.653179498
59	14382038	1085.944522762	2.278076802
59	14438639	1090.565712411	4.621189649
59	14438778	1090.577339579	0.011627168
59	14446791	1091.405996058	0.828656479
59	14499956	1096.285543368	4.87954731
59	14503875	1096.872886924	0.587343556
59	14541461	1101.439631745	4.566744821
59	14554634	1102.160781119	0.721149374
59	14573917	1104.149743829	1.98896271
59	14599040	1107.809285765	3.659541936
59	14627826	1109.42549404	1.616208275
59	14635632	1109.824637802	0.399143762
59	14715108	1114.360751063	4.536113261
59	14788646	1120.414819943	6.05406888
59	14833673	1123.520060493	3.10524055
59	14836136	1123.842842627	0.322782134
59	14853782	1125.230648644	1.387806017
59	14891155	1127.407362158	2.176713514
59	14962781	1131.544219225	4.136857067
59	14973920	1132.187229946	0.643010721
59	15008429	1134.184529564	1.997299618
59	15032401	1135.994299873	1.809770309
59	15052703	1137.766922127	1.772622254
59	15093276	1141.211383913	3.444461786
59	15093424	1141.242307773	0.03092386
59	15146479	1146.55227309	5.309965317
59	15147411	1147.063231337	0.510958247
59	15153587	1149.252677363	2.189446026
